#x               gen sol         spec sol     analytic u
0               0.00902096     0.00449478            0
0.00199601     0.0179423     0.00889095     0.0177663
0.00299401     0.0267651     0.017635     0.0265025
0.00399202     0.0354902     0.0262823     0.035142
0.00499002     0.0441186     0.034834     0.0436858
0.00598802     0.0526514     0.0432909     0.0521349
0.00698603     0.0610894     0.0516539     0.0604902
0.00798403     0.0694335     0.0599241     0.0687526
0.00898204     0.0776848     0.0681024     0.076923
0.00998004     0.0858442     0.0761896     0.0850024
0.010978     0.0939125     0.0841866     0.0929916
0.011976     0.101891     0.0920944     0.100892
0.0129741     0.10978     0.0999139     0.108703
0.0139721     0.11758     0.107646     0.116427
0.0149701     0.125293     0.115291     0.124065
0.0159681     0.13292     0.122851     0.131617
0.0169661     0.14046     0.130326     0.139084
0.0179641     0.147916     0.137716     0.146466
0.0189621     0.155288     0.145024     0.153766
0.0199601     0.162576     0.152249     0.160983
0.0209581     0.169782     0.159392     0.168119
0.0219561     0.176907     0.166455     0.175174
0.0229541     0.183951     0.173437     0.182149
0.0239521     0.190915     0.180341     0.189044
0.0249501     0.197799     0.187166     0.195862
0.0259481     0.204605     0.193914     0.202601
0.0269461     0.211334     0.200584     0.209264
0.0279441     0.217986     0.207179     0.215851
0.0289421     0.224562     0.213698     0.222362
0.0299401     0.231062     0.220143     0.228799
0.0309381     0.237488     0.226514     0.235162
0.0319361     0.24384     0.232812     0.241452
0.0329341     0.250119     0.239037     0.24767
0.0339321     0.256325     0.245191     0.253816
0.0349301     0.26246     0.251274     0.259891
0.0359281     0.268524     0.257286     0.265896
0.0369261     0.274518     0.263229     0.271831
0.0379242     0.280442     0.269104     0.277697
0.0389222     0.286297     0.27491     0.283495
0.0399202     0.292084     0.280648     0.289226
0.0409182     0.297804     0.28632     0.29489
0.0419162     0.303457     0.291926     0.300488
0.0429142     0.309044     0.297466     0.30602
0.0439122     0.314565     0.302941     0.311488
0.0449102     0.320021     0.308352     0.316891
0.0459082     0.325413     0.313699     0.32223
0.0469062     0.330742     0.318984     0.327507
0.0479042     0.336008     0.324206     0.332721
0.0489022     0.341211     0.329367     0.337874
0.0499002     0.346353     0.334466     0.342966
0.0508982     0.351433     0.339505     0.347997
0.0518962     0.356453     0.344484     0.352968
0.0528942     0.361413     0.349404     0.35788
0.0538922     0.366314     0.354265     0.362734
0.0548902     0.371157     0.359068     0.367529
0.0558882     0.375941     0.363814     0.372266
0.0568862     0.380667     0.368503     0.376947
0.0578842     0.385337     0.373135     0.381571
0.0588822     0.38995     0.377711     0.38614
0.0598802     0.394508     0.382232     0.390653
0.0608782     0.39901     0.386698     0.395112
0.0618762     0.403457     0.391111     0.399516
0.0628743     0.407851     0.395469     0.403867
0.0638723     0.41219     0.399775     0.408164
0.0648703     0.416477     0.404027     0.412409
0.0658683     0.420711     0.408228     0.416602
0.0668663     0.424893     0.412377     0.420743
0.0678643     0.429023     0.416475     0.424834
0.0688623     0.433102     0.420523     0.428874
0.0698603     0.437131     0.424521     0.432863
0.0708583     0.44111     0.428469     0.436804
0.0718563     0.445039     0.432368     0.440695
0.0728543     0.448919     0.436218     0.444537
0.0738523     0.45275     0.440021     0.448332
0.0748503     0.456534     0.443776     0.452079
0.0758483     0.46027     0.447483     0.455779
0.0768463     0.463959     0.451144     0.459432
0.0778443     0.467601     0.454759     0.463039
0.0788423     0.471197     0.458328     0.4666
0.0798403     0.474747     0.461852     0.470116
0.0808383     0.478252     0.465331     0.473587
0.0818363     0.481712     0.468766     0.477014
0.0828343     0.485128     0.472157     0.480397
0.0838323     0.4885     0.475504     0.483737
0.0848303     0.491828     0.478808     0.487033
0.0858283     0.495113     0.48207     0.490286
0.0868263     0.498356     0.485289     0.493498
0.0878244     0.501556     0.488466     0.496668
0.0888224     0.504715     0.491602     0.499796
0.0898204     0.507832     0.494698     0.502883
0.0908184     0.510908     0.497752     0.50593
0.0918164     0.513944     0.500767     0.508936
0.0928144     0.51694     0.503741     0.511903
0.0938124     0.519895     0.506676     0.51483
0.0948104     0.522812     0.509573     0.517719
0.0958084     0.525689     0.51243     0.520569
0.0968064     0.528528     0.51525     0.52338
0.0978044     0.531328     0.518032     0.526154
0.0988024     0.534091     0.520776     0.52889
0.0998004     0.536816     0.523483     0.53159
0.100798     0.539505     0.526153     0.534252
0.101796     0.542156     0.528787     0.536878
0.102794     0.544771     0.531385     0.539469
0.103792     0.54735     0.533948     0.542023
0.10479     0.549894     0.536475     0.544542
0.105788     0.552402     0.538967     0.547027
0.106786     0.554875     0.541425     0.549477
0.107784     0.557314     0.543848     0.551892
0.108782     0.559719     0.546238     0.554274
0.10978     0.562089     0.548594     0.556622
0.110778     0.564426     0.550916     0.558937
0.111776     0.56673     0.553206     0.561219
0.112774     0.569001     0.555463     0.563468
0.113772     0.571239     0.557688     0.565685
0.11477     0.573446     0.559882     0.56787
0.115768     0.57562     0.562043     0.570024
0.116766     0.577762     0.564173     0.572146
0.117764     0.579874     0.566272     0.574238
0.118762     0.581954     0.568341     0.576298
0.11976     0.584003     0.570379     0.578328
0.120758     0.586023     0.572387     0.580329
0.121756     0.588012     0.574365     0.582299
0.122754     0.589971     0.576314     0.58424
0.123752     0.591901     0.578234     0.586152
0.12475     0.593802     0.580125     0.588035
0.125749     0.595674     0.581987     0.589889
0.126747     0.597517     0.58382     0.591715
0.127745     0.599332     0.585626     0.593513
0.128743     0.601119     0.587404     0.595283
0.129741     0.602878     0.589155     0.597025
0.130739     0.604609     0.590878     0.598741
0.131737     0.606314     0.592574     0.600429
0.132735     0.607991     0.594244     0.602091
0.133733     0.609642     0.595887     0.603727
0.134731     0.611266     0.597504     0.605336
0.135729     0.612865     0.599096     0.606919
0.136727     0.614437     0.600661     0.608477
0.137725     0.615984     0.602201     0.610009
0.138723     0.617505     0.603716     0.611516
0.139721     0.619001     0.605207     0.612999
0.140719     0.620472     0.606672     0.614456
0.141717     0.621919     0.608113     0.61589
0.142715     0.623341     0.609531     0.617299
0.143713     0.62474     0.610924     0.618684
0.144711     0.626114     0.612293     0.620046
0.145709     0.627464     0.613639     0.621384
0.146707     0.628791     0.614962     0.622699
0.147705     0.630095     0.616262     0.623991
0.148703     0.631376     0.617539     0.62526
0.149701     0.632635     0.618794     0.626507
0.150699     0.63387     0.620026     0.627731
0.151697     0.635084     0.621236     0.628934
0.152695     0.636275     0.622425     0.630114
0.153693     0.637445     0.623591     0.631273
0.154691     0.638593     0.624737     0.632411
0.155689     0.639719     0.625861     0.633527
0.156687     0.640824     0.626964     0.634622
0.157685     0.641909     0.628047     0.635697
0.158683     0.642972     0.629108     0.636751
0.159681     0.644015     0.63015     0.637784
0.160679     0.645037     0.631171     0.638798
0.161677     0.64604     0.632172     0.639791
0.162675     0.647022     0.633154     0.640765
0.163673     0.647985     0.634116     0.641719
0.164671     0.648928     0.635058     0.642653
0.165669     0.649851     0.635982     0.643569
0.166667     0.650756     0.636886     0.644465
0.167665     0.651641     0.637771     0.645343
0.168663     0.652508     0.638638     0.646202
0.169661     0.653356     0.639487     0.647043
0.170659     0.654185     0.640317     0.647865
0.171657     0.654997     0.641129     0.648669
0.172655     0.65579     0.641923     0.649456
0.173653     0.656565     0.6427     0.650224
0.174651     0.657323     0.643459     0.650975
0.175649     0.658063     0.6442     0.651709
0.176647     0.658786     0.644925     0.652425
0.177645     0.659491     0.645632     0.653125
0.178643     0.66018     0.646323     0.653808
0.179641     0.660851     0.646997     0.654474
0.180639     0.661506     0.647654     0.655123
0.181637     0.662145     0.648295     0.655756
0.182635     0.662767     0.64892     0.656373
0.183633     0.663373     0.649528     0.656974
0.184631     0.663962     0.650121     0.657559
0.185629     0.664536     0.650698     0.658128
0.186627     0.665095     0.65126     0.658682
0.187625     0.665637     0.651806     0.65922
0.188623     0.666164     0.652337     0.659743
0.189621     0.666676     0.652853     0.660251
0.190619     0.667173     0.653354     0.660744
0.191617     0.667655     0.65384     0.661222
0.192615     0.668122     0.654311     0.661686
0.193613     0.668575     0.654768     0.662135
0.194611     0.669013     0.65521     0.662569
0.195609     0.669436     0.655639     0.66299
0.196607     0.669846     0.656053     0.663396
0.197605     0.670241     0.656453     0.663788
0.198603     0.670622     0.65684     0.664167
0.199601     0.67099     0.657212     0.664532
0.200599     0.671344     0.657572     0.664883
0.201597     0.671684     0.657917     0.665221
0.202595     0.672011     0.65825     0.665546
0.203593     0.672325     0.658569     0.665857
0.204591     0.672625     0.658876     0.666156
0.205589     0.672913     0.659169     0.666441
0.206587     0.673188     0.65945     0.666714
0.207585     0.673449     0.659718     0.666975
0.208583     0.673699     0.659974     0.667222
0.209581     0.673936     0.660217     0.667458
0.210579     0.67416     0.660448     0.667681
0.211577     0.674372     0.660667     0.667892
0.212575     0.674572     0.660874     0.668091
0.213573     0.67476     0.661069     0.668278
0.214571     0.674936     0.661253     0.668454
0.215569     0.675101     0.661424     0.668618
0.216567     0.675253     0.661584     0.66877
0.217565     0.675395     0.661733     0.668911
0.218563     0.675524     0.66187     0.66904
0.219561     0.675643     0.661997     0.669158
0.220559     0.67575     0.662112     0.669266
0.221557     0.675846     0.662216     0.669362
0.222555     0.675932     0.662309     0.669447
0.223553     0.676006     0.662392     0.669522
0.224551     0.67607     0.662463     0.669586
0.225549     0.676122     0.662525     0.669639
0.226547     0.676165     0.662576     0.669682
0.227545     0.676197     0.662616     0.669715
0.228543     0.676218     0.662646     0.669737
0.229541     0.67623     0.662667     0.669749
0.230539     0.676231     0.662677     0.669752
0.231537     0.676222     0.662677     0.669744
0.232535     0.676204     0.662667     0.669726
0.233533     0.676175     0.662648     0.669699
0.234531     0.676137     0.662619     0.669662
0.235529     0.676089     0.66258     0.669616
0.236527     0.676031     0.662532     0.66956
0.237525     0.675964     0.662475     0.669495
0.238523     0.675888     0.662408     0.66942
0.239521     0.675803     0.662332     0.669336
0.240519     0.675708     0.662247     0.669244
0.241517     0.675604     0.662154     0.669142
0.242515     0.675491     0.662051     0.669031
0.243513     0.67537     0.661939     0.668912
0.244511     0.675239     0.661819     0.668784
0.245509     0.6751     0.66169     0.668647
0.246507     0.674952     0.661553     0.668501
0.247505     0.674796     0.661407     0.668347
0.248503     0.674631     0.661252     0.668185
0.249501     0.674458     0.66109     0.668015
0.250499     0.674276     0.660919     0.667836
0.251497     0.674086     0.66074     0.667649
0.252495     0.673888     0.660553     0.667454
0.253493     0.673683     0.660358     0.667251
0.254491     0.673469     0.660155     0.66704
0.255489     0.673247     0.659944     0.666822
0.256487     0.673017     0.659726     0.666595
0.257485     0.67278     0.659499     0.666361
0.258483     0.672535     0.659266     0.66612
0.259481     0.672282     0.659024     0.665871
0.260479     0.672022     0.658776     0.665614
0.261477     0.671754     0.65852     0.66535
0.262475     0.671479     0.658256     0.665079
0.263473     0.671197     0.657986     0.664801
0.264471     0.670908     0.657708     0.664515
0.265469     0.670611     0.657423     0.664222
0.266467     0.670308     0.657132     0.663923
0.267465     0.669997     0.656833     0.663616
0.268463     0.669679     0.656527     0.663303
0.269461     0.669355     0.656215     0.662982
0.270459     0.669024     0.655896     0.662656
0.271457     0.668686     0.65557     0.662322
0.272455     0.668341     0.655238     0.661982
0.273453     0.66799     0.654899     0.661635
0.274451     0.667632     0.654554     0.661282
0.275449     0.667268     0.654202     0.660922
0.276447     0.666897     0.653844     0.660556
0.277445     0.66652     0.65348     0.660184
0.278443     0.666137     0.653109     0.659805
0.279441     0.665747     0.652732     0.659421
0.280439     0.665352     0.652349     0.65903
0.281437     0.66495     0.651961     0.658633
0.282435     0.664542     0.651566     0.658231
0.283433     0.664129     0.651165     0.657822
0.284431     0.663709     0.650758     0.657407
0.285429     0.663283     0.650346     0.656987
0.286427     0.662852     0.649928     0.656561
0.287425     0.662415     0.649504     0.65613
0.288423     0.661972     0.649075     0.655692
0.289421     0.661524     0.64864     0.655249
0.290419     0.66107     0.648199     0.654801
0.291417     0.660611     0.647753     0.654347
0.292415     0.660146     0.647302     0.653888
0.293413     0.659676     0.646845     0.653423
0.294411     0.6592     0.646383     0.652953
0.295409     0.658719     0.645916     0.652478
0.296407     0.658233     0.645444     0.651998
0.297405     0.657742     0.644966     0.651512
0.298403     0.657245     0.644483     0.651022
0.299401     0.656744     0.643996     0.650526
0.300399     0.656237     0.643503     0.650026
0.301397     0.655725     0.643005     0.64952
0.302395     0.655209     0.642503     0.64901
0.303393     0.654688     0.641995     0.648495
0.304391     0.654161     0.641483     0.647974
0.305389     0.65363     0.640966     0.64745
0.306387     0.653094     0.640445     0.64692
0.307385     0.652554     0.639918     0.646386
0.308383     0.652009     0.639388     0.645847
0.309381     0.651459     0.638852     0.645304
0.310379     0.650905     0.638312     0.644756
0.311377     0.650346     0.637768     0.644204
0.312375     0.649783     0.637219     0.643647
0.313373     0.649215     0.636666     0.643086
0.314371     0.648643     0.636108     0.642521
0.315369     0.648066     0.635546     0.641951
0.316367     0.647485     0.63498     0.641377
0.317365     0.6469     0.63441     0.640799
0.318363     0.646311     0.633836     0.640216
0.319361     0.645718     0.633257     0.63963
0.320359     0.64512     0.632674     0.639039
0.321357     0.644519     0.632088     0.638445
0.322355     0.643913     0.631497     0.637846
0.323353     0.643304     0.630902     0.637243
0.324351     0.64269     0.630303     0.636637
0.325349     0.642072     0.629701     0.636026
0.326347     0.641451     0.629095     0.635412
0.327345     0.640826     0.628484     0.634794
0.328343     0.640197     0.62787     0.634172
0.329341     0.639564     0.627253     0.633547
0.330339     0.638927     0.626631     0.632917
0.331337     0.638287     0.626006     0.632285
0.332335     0.637643     0.625378     0.631648
0.333333     0.636995     0.624745     0.631008
0.334331     0.636344     0.62411     0.630364
0.335329     0.635689     0.62347     0.629717
0.336327     0.635031     0.622827     0.629066
0.337325     0.63437     0.622181     0.628412
0.338323     0.633704     0.621532     0.627754
0.339321     0.633036     0.620878     0.627094
0.340319     0.632364     0.620222     0.626429
0.341317     0.631689     0.619562     0.625762
0.342315     0.63101     0.618899     0.625091
0.343313     0.630328     0.618233     0.624417
0.344311     0.629643     0.617564     0.623739
0.345309     0.628955     0.616891     0.623059
0.346307     0.628263     0.616215     0.622375
0.347305     0.627568     0.615536     0.621688
0.348303     0.62687     0.614854     0.620998
0.349301     0.62617     0.614169     0.620305
0.350299     0.625466     0.613481     0.619609
0.351297     0.624759     0.61279     0.61891
0.352295     0.624049     0.612096     0.618208
0.353293     0.623336     0.611399     0.617504
0.354291     0.62262     0.610699     0.616796
0.355289     0.621901     0.609996     0.616085
0.356287     0.621179     0.609291     0.615372
0.357285     0.620455     0.608582     0.614655
0.358283     0.619727     0.607871     0.613936
0.359281     0.618997     0.607157     0.613214
0.360279     0.618264     0.60644     0.612489
0.361277     0.617529     0.605721     0.611762
0.362275     0.61679     0.604998     0.611032
0.363273     0.616049     0.604274     0.610299
0.364271     0.615305     0.603546     0.609564
0.365269     0.614559     0.602816     0.608826
0.366267     0.61381     0.602083     0.608085
0.367265     0.613058     0.601348     0.607342
0.368263     0.612304     0.60061     0.606597
0.369261     0.611548     0.59987     0.605848
0.370259     0.610789     0.599127     0.605098
0.371257     0.610027     0.598382     0.604345
0.372255     0.609263     0.597635     0.603589
0.373253     0.608496     0.596885     0.602831
0.374251     0.607727     0.596132     0.602071
0.37525     0.606956     0.595377     0.601308
0.376248     0.606182     0.59462     0.600543
0.377246     0.605406     0.593861     0.599776
0.378244     0.604628     0.593099     0.599006
0.379242     0.603847     0.592335     0.598235
0.38024     0.603065     0.591569     0.59746
0.381238     0.602279     0.590801     0.596684
0.382236     0.601492     0.59003     0.595906
0.383234     0.600703     0.589257     0.595125
0.384232     0.599911     0.588482     0.594342
0.38523     0.599117     0.587705     0.593557
0.386228     0.598321     0.586926     0.59277
0.387226     0.597523     0.586144     0.591981
0.388224     0.596723     0.585361     0.591189
0.389222     0.59592     0.584576     0.590396
0.39022     0.595116     0.583788     0.589601
0.391218     0.594309     0.582999     0.588803
0.392216     0.593501     0.582207     0.588004
0.393214     0.592691     0.581414     0.587203
0.394212     0.591878     0.580618     0.586399
0.39521     0.591064     0.579821     0.585594
0.396208     0.590248     0.579022     0.584787
0.397206     0.58943     0.57822     0.583978
0.398204     0.58861     0.577417     0.583167
0.399202     0.587788     0.576613     0.582354
0.4002     0.586964     0.575806     0.581539
0.401198     0.586138     0.574997     0.580723
0.402196     0.585311     0.574187     0.579905
0.403194     0.584481     0.573375     0.579085
0.404192     0.58365     0.572561     0.578263
0.40519     0.582818     0.571745     0.577439
0.406188     0.581983     0.570928     0.576614
0.407186     0.581147     0.570109     0.575787
0.408184     0.580309     0.569288     0.574958
0.409182     0.579469     0.568465     0.574128
0.41018     0.578628     0.567641     0.573296
0.411178     0.577785     0.566816     0.572462
0.412176     0.57694     0.565988     0.571627
0.413174     0.576094     0.565159     0.57079
0.414172     0.575246     0.564328     0.569952
0.41517     0.574396     0.563496     0.569111
0.416168     0.573545     0.562662     0.56827
0.417166     0.572692     0.561827     0.567427
0.418164     0.571838     0.56099     0.566582
0.419162     0.570982     0.560152     0.565736
0.42016     0.570125     0.559312     0.564888
0.421158     0.569266     0.558471     0.564038
0.422156     0.568406     0.557628     0.563188
0.423154     0.567544     0.556783     0.562335
0.424152     0.566681     0.555938     0.561482
0.42515     0.565816     0.55509     0.560627
0.426148     0.56495     0.554242     0.55977
0.427146     0.564083     0.553392     0.558912
0.428144     0.563214     0.55254     0.558053
0.429142     0.562343     0.551687     0.557192
0.43014     0.561472     0.550833     0.55633
0.431138     0.560599     0.549978     0.555467
0.432136     0.559724     0.549121     0.554602
0.433134     0.558848     0.548263     0.553736
0.434132     0.557971     0.547403     0.552869
0.43513     0.557093     0.546543     0.552
0.436128     0.556213     0.54568     0.55113
0.437126     0.555332     0.544817     0.550259
0.438124     0.55445     0.543953     0.549386
0.439122     0.553567     0.543087     0.548513
0.44012     0.552682     0.54222     0.547638
0.441118     0.551796     0.541351     0.546761
0.442116     0.550909     0.540482     0.545884
0.443114     0.55002     0.539611     0.545005
0.444112     0.549131     0.538739     0.544126
0.44511     0.54824     0.537866     0.543245
0.446108     0.547348     0.536992     0.542363
0.447106     0.546455     0.536117     0.541479
0.448104     0.545561     0.53524     0.540595
0.449102     0.544665     0.534362     0.539709
0.4501     0.543769     0.533484     0.538823
0.451098     0.542871     0.532604     0.537935
0.452096     0.541972     0.531723     0.537046
0.453094     0.541072     0.530841     0.536156
0.454092     0.540171     0.529958     0.535265
0.45509     0.539269     0.529074     0.534373
0.456088     0.538366     0.528188     0.53348
0.457086     0.537462     0.527302     0.532586
0.458084     0.536557     0.526415     0.531691
0.459082     0.535651     0.525526     0.530794
0.46008     0.534744     0.524637     0.529897
0.461078     0.533835     0.523747     0.528999
0.462076     0.532926     0.522855     0.5281
0.463074     0.532016     0.521963     0.5272
0.464072     0.531105     0.52107     0.526298
0.46507     0.530193     0.520176     0.525396
0.466068     0.529279     0.519281     0.524493
0.467066     0.528365     0.518384     0.523589
0.468064     0.52745     0.517487     0.522684
0.469062     0.526534     0.516589     0.521778
0.47006     0.525618     0.51569     0.520872
0.471058     0.5247     0.514791     0.519964
0.472056     0.523781     0.51389     0.519055
0.473054     0.522861     0.512988     0.518146
0.474052     0.521941     0.512086     0.517236
0.47505     0.52102     0.511183     0.516324
0.476048     0.520097     0.510278     0.515412
0.477046     0.519174     0.509373     0.514499
0.478044     0.51825     0.508467     0.513585
0.479042     0.517326     0.507561     0.512671
0.48004     0.5164     0.506653     0.511755
0.481038     0.515473     0.505745     0.510839
0.482036     0.514546     0.504836     0.509922
0.483034     0.513618     0.503926     0.509004
0.484032     0.512689     0.503015     0.508086
0.48503     0.51176     0.502103     0.507166
0.486028     0.510829     0.501191     0.506246
0.487026     0.509898     0.500278     0.505325
0.488024     0.508966     0.499364     0.504403
0.489022     0.508033     0.498449     0.50348
0.49002     0.507099     0.497534     0.502557
0.491018     0.506165     0.496618     0.501633
0.492016     0.50523     0.495701     0.500708
0.493014     0.504294     0.494783     0.499783
0.494012     0.503358     0.493865     0.498857
0.49501     0.502421     0.492946     0.49793
0.496008     0.501483     0.492026     0.497002
0.497006     0.500544     0.491106     0.496074
0.498004     0.499605     0.490185     0.495145
0.499002     0.498665     0.489263     0.494215
0.5     0.497724     0.48834     0.493285
0.500998     0.496783     0.487417     0.492354
0.501996     0.495841     0.486493     0.491422
0.502994     0.494898     0.485569     0.49049
0.503992     0.493954     0.484644     0.489557
0.50499     0.49301     0.483718     0.488623
0.505988     0.492066     0.482792     0.487689
0.506986     0.49112     0.481865     0.486754
0.507984     0.490175     0.480937     0.485818
0.508982     0.489228     0.480009     0.484882
0.50998     0.488281     0.47908     0.483945
0.510978     0.487333     0.47815     0.483008
0.511976     0.486385     0.47722     0.48207
0.512974     0.485436     0.476289     0.481131
0.513972     0.484486     0.475358     0.480192
0.51497     0.483536     0.474426     0.479252
0.515968     0.482585     0.473494     0.478312
0.516966     0.481634     0.472561     0.477371
0.517964     0.480682     0.471627     0.476429
0.518962     0.479729     0.470693     0.475487
0.51996     0.478776     0.469758     0.474545
0.520958     0.477822     0.468823     0.473602
0.521956     0.476868     0.467887     0.472658
0.522954     0.475914     0.466951     0.471714
0.523952     0.474958     0.466014     0.470769
0.52495     0.474003     0.465077     0.469824
0.525948     0.473046     0.464139     0.468878
0.526946     0.472089     0.4632     0.467931
0.527944     0.471132     0.462261     0.466985
0.528942     0.470174     0.461322     0.466037
0.52994     0.469216     0.460382     0.465089
0.530938     0.468257     0.459441     0.464141
0.531936     0.467298     0.4585     0.463192
0.532934     0.466338     0.457559     0.462243
0.533932     0.465377     0.456617     0.461293
0.53493     0.464417     0.455675     0.460343
0.535928     0.463455     0.454732     0.459392
0.536926     0.462493     0.453788     0.458441
0.537924     0.461531     0.452845     0.457489
0.538922     0.460569     0.4519     0.456537
0.53992     0.459605     0.450956     0.455584
0.540918     0.458642     0.45001     0.454631
0.541916     0.457678     0.449065     0.453678
0.542914     0.456713     0.448119     0.452724
0.543912     0.455748     0.447172     0.451769
0.54491     0.454783     0.446225     0.450814
0.545908     0.453817     0.445278     0.449859
0.546906     0.452851     0.44433     0.448903
0.547904     0.451884     0.443382     0.447947
0.548902     0.450917     0.442433     0.446991
0.5499     0.449949     0.441484     0.446034
0.550898     0.448981     0.440535     0.445077
0.551896     0.448013     0.439585     0.444119
0.552894     0.447044     0.438635     0.443161
0.553892     0.446075     0.437684     0.442202
0.55489     0.445106     0.436733     0.441243
0.555888     0.444136     0.435782     0.440284
0.556886     0.443165     0.43483     0.439324
0.557884     0.442195     0.433878     0.438364
0.558882     0.441224     0.432925     0.437404
0.55988     0.440252     0.431972     0.436443
0.560878     0.43928     0.431019     0.435482
0.561876     0.438308     0.430065     0.43452
0.562874     0.437336     0.429111     0.433558
0.563872     0.436363     0.428157     0.432596
0.56487     0.435389     0.427202     0.431633
0.565868     0.434416     0.426247     0.43067
0.566866     0.433442     0.425291     0.429707
0.567864     0.432467     0.424336     0.428743
0.568862     0.431493     0.42338     0.427779
0.56986     0.430518     0.422423     0.426815
0.570858     0.429542     0.421466     0.42585
0.571856     0.428567     0.420509     0.424885
0.572854     0.427591     0.419552     0.42392
0.573852     0.426614     0.418594     0.422954
0.57485     0.425638     0.417636     0.421988
0.575848     0.424661     0.416677     0.421022
0.576846     0.423683     0.415719     0.420055
0.577844     0.422706     0.41476     0.419088
0.578842     0.421728     0.4138     0.418121
0.57984     0.420749     0.412841     0.417154
0.580838     0.419771     0.411881     0.416186
0.581836     0.418792     0.410921     0.415218
0.582834     0.417813     0.40996     0.414249
0.583832     0.416833     0.408999     0.41328
0.58483     0.415854     0.408038     0.412311
0.585828     0.414874     0.407077     0.411342
0.586826     0.413893     0.406115     0.410373
0.587824     0.412913     0.405153     0.409403
0.588822     0.411932     0.404191     0.408432
0.58982     0.410951     0.403228     0.407462
0.590818     0.409969     0.402265     0.406491
0.591816     0.408987     0.401302     0.40552
0.592814     0.408006     0.400339     0.404549
0.593812     0.407023     0.399375     0.403578
0.59481     0.406041     0.398411     0.402606
0.595808     0.405058     0.397447     0.401634
0.596806     0.404075     0.396483     0.400662
0.597804     0.403092     0.395518     0.399689
0.598802     0.402108     0.394553     0.398716
0.5998     0.401124     0.393588     0.397743
0.600798     0.40014     0.392623     0.39677
0.601796     0.399156     0.391657     0.395796
0.602794     0.398171     0.390691     0.394823
0.603792     0.397187     0.389725     0.393848
0.60479     0.396202     0.388759     0.392874
0.605788     0.395216     0.387792     0.3919
0.606786     0.394231     0.386825     0.390925
0.607784     0.393245     0.385858     0.38995
0.608782     0.392259     0.384891     0.388975
0.60978     0.391273     0.383923     0.387999
0.610778     0.390286     0.382956     0.387024
0.611776     0.3893     0.381988     0.386048
0.612774     0.388313     0.381019     0.385072
0.613772     0.387326     0.380051     0.384096
0.61477     0.386339     0.379082     0.383119
0.615768     0.385351     0.378114     0.382142
0.616766     0.384363     0.377145     0.381165
0.617764     0.383375     0.376175     0.380188
0.618762     0.382387     0.375206     0.379211
0.61976     0.381399     0.374236     0.378233
0.620758     0.38041     0.373266     0.377256
0.621756     0.379422     0.372296     0.376278
0.622754     0.378433     0.371326     0.375299
0.623752     0.377443     0.370356     0.374321
0.62475     0.376454     0.369385     0.373343
0.625749     0.375464     0.368414     0.372364
0.626747     0.374475     0.367443     0.371385
0.627745     0.373485     0.366472     0.370406
0.628743     0.372495     0.3655     0.369426
0.629741     0.371504     0.364529     0.368447
0.630739     0.370514     0.363557     0.367467
0.631737     0.369523     0.362585     0.366487
0.632735     0.368532     0.361613     0.365507
0.633733     0.367541     0.360641     0.364527
0.634731     0.36655     0.359668     0.363547
0.635729     0.365559     0.358695     0.362566
0.636727     0.364567     0.357723     0.361586
0.637725     0.363575     0.35675     0.360605
0.638723     0.362583     0.355776     0.359624
0.639721     0.361591     0.354803     0.358642
0.640719     0.360599     0.353829     0.357661
0.641717     0.359607     0.352856     0.356679
0.642715     0.358614     0.351882     0.355698
0.643713     0.357621     0.350908     0.354716
0.644711     0.356628     0.349934     0.353734
0.645709     0.355635     0.348959     0.352751
0.646707     0.354642     0.347985     0.351769
0.647705     0.353649     0.34701     0.350786
0.648703     0.352655     0.346036     0.349804
0.649701     0.351661     0.345061     0.348821
0.650699     0.350668     0.344086     0.347838
0.651697     0.349674     0.34311     0.346855
0.652695     0.34868     0.342135     0.345872
0.653693     0.347685     0.341159     0.344888
0.654691     0.346691     0.340184     0.343905
0.655689     0.345696     0.339208     0.342921
0.656687     0.344701     0.338232     0.341937
0.657685     0.343707     0.337256     0.340953
0.658683     0.342712     0.33628     0.339969
0.659681     0.341716     0.335303     0.338985
0.660679     0.340721     0.334327     0.338
0.661677     0.339726     0.33335     0.337016
0.662675     0.33873     0.332373     0.336031
0.663673     0.337735     0.331396     0.335046
0.664671     0.336739     0.330419     0.334061
0.665669     0.335743     0.329442     0.333076
0.666667     0.334747     0.328465     0.332091
0.667665     0.333751     0.327487     0.331106
0.668663     0.332754     0.32651     0.33012
0.669661     0.331758     0.325532     0.329135
0.670659     0.330761     0.324554     0.328149
0.671657     0.329764     0.323576     0.327163
0.672655     0.328768     0.322598     0.326177
0.673653     0.327771     0.32162     0.325191
0.674651     0.326774     0.320642     0.324205
0.675649     0.325776     0.319664     0.323219
0.676647     0.324779     0.318685     0.322232
0.677645     0.323782     0.317706     0.321246
0.678643     0.322784     0.316728     0.320259
0.679641     0.321787     0.315749     0.319272
0.680639     0.320789     0.31477     0.318285
0.681637     0.319791     0.313791     0.317299
0.682635     0.318793     0.312812     0.316311
0.683633     0.317795     0.311832     0.315324
0.684631     0.316797     0.310853     0.314337
0.685629     0.315798     0.309873     0.31335
0.686627     0.3148     0.308894     0.312362
0.687625     0.313801     0.307914     0.311374
0.688623     0.312803     0.306934     0.310387
0.689621     0.311804     0.305954     0.309399
0.690619     0.310805     0.304974     0.308411
0.691617     0.309806     0.303994     0.307423
0.692615     0.308807     0.303014     0.306435
0.693613     0.307808     0.302034     0.305447
0.694611     0.306809     0.301053     0.304458
0.695609     0.30581     0.300073     0.30347
0.696607     0.30481     0.299092     0.302481
0.697605     0.303811     0.298111     0.301493
0.698603     0.302811     0.297131     0.300504
0.699601     0.301812     0.29615     0.299515
0.700599     0.300812     0.295169     0.298527
0.701597     0.299812     0.294188     0.297538
0.702595     0.298812     0.293207     0.296549
0.703593     0.297812     0.292225     0.295559
0.704591     0.296812     0.291244     0.29457
0.705589     0.295811     0.290263     0.293581
0.706587     0.294811     0.289281     0.292591
0.707585     0.293811     0.2883     0.291602
0.708583     0.29281     0.287318     0.290612
0.709581     0.29181     0.286336     0.289623
0.710579     0.290809     0.285354     0.288633
0.711577     0.289808     0.284372     0.287643
0.712575     0.288807     0.28339     0.286653
0.713573     0.287807     0.282408     0.285663
0.714571     0.286806     0.281426     0.284673
0.715569     0.285805     0.280444     0.283683
0.716567     0.284803     0.279462     0.282693
0.717565     0.283802     0.278479     0.281703
0.718563     0.282801     0.277497     0.280712
0.719561     0.2818     0.276514     0.279722
0.720559     0.280798     0.275532     0.278731
0.721557     0.279797     0.274549     0.277741
0.722555     0.278795     0.273566     0.27675
0.723553     0.277793     0.272583     0.275759
0.724551     0.276792     0.2716     0.274769
0.725549     0.27579     0.270617     0.273778
0.726547     0.274788     0.269634     0.272787
0.727545     0.273786     0.268651     0.271796
0.728543     0.272784     0.267668     0.270805
0.729541     0.271782     0.266685     0.269814
0.730539     0.27078     0.265701     0.268822
0.731537     0.269777     0.264718     0.267831
0.732535     0.268775     0.263735     0.26684
0.733533     0.267773     0.262751     0.265848
0.734531     0.26677     0.261767     0.264857
0.735529     0.265768     0.260784     0.263865
0.736527     0.264765     0.2598     0.262874
0.737525     0.263763     0.258816     0.261882
0.738523     0.26276     0.257832     0.26089
0.739521     0.261757     0.256849     0.259898
0.740519     0.260754     0.255865     0.258907
0.741517     0.259752     0.254881     0.257915
0.742515     0.258749     0.253896     0.256923
0.743513     0.257746     0.252912     0.255931
0.744511     0.256743     0.251928     0.254939
0.745509     0.255739     0.250944     0.253946
0.746507     0.254736     0.24996     0.252954
0.747505     0.253733     0.248975     0.251962
0.748503     0.25273     0.247991     0.25097
0.749501     0.251726     0.247006     0.249977
0.750499     0.250723     0.246022     0.248985
0.751497     0.24972     0.245037     0.247992
0.752495     0.248716     0.244052     0.247
0.753493     0.247713     0.243068     0.246007
0.754491     0.246709     0.242083     0.245014
0.755489     0.245705     0.241098     0.244022
0.756487     0.244702     0.240113     0.243029
0.757485     0.243698     0.239128     0.242036
0.758483     0.242694     0.238143     0.241043
0.759481     0.24169     0.237158     0.24005
0.760479     0.240686     0.236173     0.239057
0.761477     0.239682     0.235188     0.238064
0.762475     0.238678     0.234203     0.237071
0.763473     0.237674     0.233218     0.236078
0.764471     0.23667     0.232233     0.235085
0.765469     0.235666     0.231247     0.234092
0.766467     0.234662     0.230262     0.233099
0.767465     0.233657     0.229276     0.232105
0.768463     0.232653     0.228291     0.231112
0.769461     0.231649     0.227305     0.230119
0.770459     0.230644     0.22632     0.229125
0.771457     0.22964     0.225334     0.228132
0.772455     0.228635     0.224349     0.227138
0.773453     0.227631     0.223363     0.226145
0.774451     0.226626     0.222377     0.225151
0.775449     0.225622     0.221392     0.224157
0.776447     0.224617     0.220406     0.223164
0.777445     0.223612     0.21942     0.22217
0.778443     0.222608     0.218434     0.221176
0.779441     0.221603     0.217448     0.220182
0.780439     0.220598     0.216462     0.219188
0.781437     0.219593     0.215476     0.218194
0.782435     0.218588     0.21449     0.217201
0.783433     0.217583     0.213504     0.216207
0.784431     0.216578     0.212518     0.215212
0.785429     0.215573     0.211532     0.214218
0.786427     0.214568     0.210545     0.213224
0.787425     0.213563     0.209559     0.21223
0.788423     0.212558     0.208573     0.211236
0.789421     0.211553     0.207587     0.210242
0.790419     0.210547     0.2066     0.209248
0.791417     0.209542     0.205614     0.208253
0.792415     0.208537     0.204627     0.207259
0.793413     0.207531     0.203641     0.206265
0.794411     0.206526     0.202654     0.20527
0.795409     0.205521     0.201668     0.204276
0.796407     0.204515     0.200681     0.203281
0.797405     0.20351     0.199695     0.202287
0.798403     0.202504     0.198708     0.201292
0.799401     0.201499     0.197721     0.200298
0.800399     0.200493     0.196735     0.199303
0.801397     0.199488     0.195748     0.198308
0.802395     0.198482     0.194761     0.197314
0.803393     0.197476     0.193774     0.196319
0.804391     0.19647     0.192787     0.195324
0.805389     0.195465     0.191801     0.194329
0.806387     0.194459     0.190814     0.193335
0.807385     0.193453     0.189827     0.19234
0.808383     0.192447     0.18884     0.191345
0.809381     0.191441     0.187853     0.19035
0.810379     0.190436     0.186866     0.189355
0.811377     0.18943     0.185879     0.18836
0.812375     0.188424     0.184892     0.187365
0.813373     0.187418     0.183904     0.18637
0.814371     0.186412     0.182917     0.185375
0.815369     0.185406     0.18193     0.18438
0.816367     0.184399     0.180943     0.183385
0.817365     0.183393     0.179956     0.18239
0.818363     0.182387     0.178968     0.181395
0.819361     0.181381     0.177981     0.1804
0.820359     0.180375     0.176994     0.179404
0.821357     0.179369     0.176006     0.178409
0.822355     0.178362     0.175019     0.177414
0.823353     0.177356     0.174032     0.176418
0.824351     0.17635     0.173044     0.175423
0.825349     0.175344     0.172057     0.174428
0.826347     0.174337     0.171069     0.173432
0.827345     0.173331     0.170082     0.172437
0.828343     0.172324     0.169094     0.171442
0.829341     0.171318     0.168107     0.170446
0.830339     0.170311     0.167119     0.169451
0.831337     0.169305     0.166132     0.168455
0.832335     0.168298     0.165144     0.16746
0.833333     0.167292     0.164156     0.166464
0.834331     0.166285     0.163169     0.165469
0.835329     0.165279     0.162181     0.164473
0.836327     0.164272     0.161193     0.163477
0.837325     0.163266     0.160205     0.162482
0.838323     0.162259     0.159218     0.161486
0.839321     0.161252     0.15823     0.16049
0.840319     0.160246     0.157242     0.159495
0.841317     0.159239     0.156254     0.158499
0.842315     0.158232     0.155266     0.157503
0.843313     0.157225     0.154278     0.156507
0.844311     0.156219     0.153291     0.155512
0.845309     0.155212     0.152303     0.154516
0.846307     0.154205     0.151315     0.15352
0.847305     0.153198     0.150327     0.152524
0.848303     0.152191     0.149339     0.151528
0.849301     0.151184     0.148351     0.150532
0.850299     0.150177     0.147363     0.149536
0.851297     0.14917     0.146375     0.14854
0.852295     0.148164     0.145387     0.147544
0.853293     0.147157     0.144398     0.146548
0.854291     0.14615     0.14341     0.145552
0.855289     0.145143     0.142422     0.144556
0.856287     0.144136     0.141434     0.14356
0.857285     0.143128     0.140446     0.142564
0.858283     0.142121     0.139458     0.141568
0.859281     0.141114     0.138469     0.140572
0.860279     0.140107     0.137481     0.139576
0.861277     0.1391     0.136493     0.13858
0.862275     0.138093     0.135505     0.137584
0.863273     0.137086     0.134516     0.136588
0.864271     0.136079     0.133528     0.135591
0.865269     0.135071     0.13254     0.134595
0.866267     0.134064     0.131552     0.133599
0.867265     0.133057     0.130563     0.132603
0.868263     0.13205     0.129575     0.131606
0.869261     0.131042     0.128586     0.13061
0.870259     0.130035     0.127598     0.129614
0.871257     0.129028     0.12661     0.128618
0.872255     0.128021     0.125621     0.127621
0.873253     0.127013     0.124633     0.126625
0.874251     0.126006     0.123644     0.125629
0.87525     0.124998     0.122656     0.124632
0.876248     0.123991     0.121667     0.123636
0.877246     0.122984     0.120679     0.122639
0.878244     0.121976     0.11969     0.121643
0.879242     0.120969     0.118702     0.120647
0.88024     0.119961     0.117713     0.11965
0.881238     0.118954     0.116725     0.118654
0.882236     0.117946     0.115736     0.117657
0.883234     0.116939     0.114747     0.116661
0.884232     0.115932     0.113759     0.115664
0.88523     0.114924     0.11277     0.114668
0.886228     0.113916     0.111782     0.113671
0.887226     0.112909     0.110793     0.112675
0.888224     0.111901     0.109804     0.111678
0.889222     0.110894     0.108816     0.110681
0.89022     0.109886     0.107827     0.109685
0.891218     0.108879     0.106838     0.108688
0.892216     0.107871     0.105849     0.107692
0.893214     0.106863     0.104861     0.106695
0.894212     0.105856     0.103872     0.105698
0.89521     0.104848     0.102883     0.104702
0.896208     0.10384     0.101894     0.103705
0.897206     0.102833     0.100906     0.102708
0.898204     0.101825     0.0999168     0.101712
0.899202     0.100817     0.0989279     0.100715
0.9002     0.0998096     0.0979391     0.0997181
0.901198     0.0988019     0.0969503     0.0987214
0.902196     0.0977941     0.0959614     0.0977246
0.903194     0.0967864     0.0949725     0.0967279
0.904192     0.0957786     0.0939837     0.0957311
0.90519     0.0947708     0.0929948     0.0947343
0.906188     0.093763     0.0920059     0.0937375
0.907186     0.0927552     0.091017     0.0927407
0.908184     0.0917474     0.090028     0.0917439
0.909182     0.0907396     0.0890391     0.0907471
0.91018     0.0897317     0.0880502     0.0897502
0.911178     0.0887239     0.0870612     0.0887534
0.912176     0.087716     0.0860722     0.0877565
0.913174     0.0867082     0.0850833     0.0867596
0.914172     0.0857003     0.0840943     0.0857627
0.91517     0.0846924     0.0831053     0.0847658
0.916168     0.0836845     0.0821162     0.0837689
0.917166     0.0826766     0.0811272     0.082772
0.918164     0.0816686     0.0801382     0.0817751
0.919162     0.0806607     0.0791492     0.0807782
0.92016     0.0796528     0.0781601     0.0797812
0.921158     0.0786448     0.077171     0.0787843
0.922156     0.0776368     0.076182     0.0777873
0.923154     0.0766289     0.0751929     0.0767903
0.924152     0.0756209     0.0742038     0.0757933
0.92515     0.0746129     0.0732147     0.0747963
0.926148     0.0736049     0.0722256     0.0737993
0.927146     0.0725969     0.0712365     0.0728023
0.928144     0.0715889     0.0702473     0.0718053
0.929142     0.0705808     0.0692582     0.0708083
0.93014     0.0695728     0.068269     0.0698112
0.931138     0.0685647     0.0672799     0.0688142
0.932136     0.0675567     0.0662907     0.0678171
0.933134     0.0665486     0.0653015     0.06682
0.934132     0.0655405     0.0643123     0.0658229
0.93513     0.0645324     0.0633232     0.0648259
0.936128     0.0635243     0.0623339     0.0638288
0.937126     0.0625162     0.0613447     0.0628317
0.938124     0.0615081     0.0603555     0.0618345
0.939122     0.0605     0.0593663     0.0608374
0.94012     0.0594919     0.0583771     0.0598403
0.941118     0.0584837     0.0573878     0.0588432
0.942116     0.0574756     0.0563986     0.057846
0.943114     0.0564674     0.0554093     0.0568489
0.944112     0.0554593     0.05442     0.0558517
0.94511     0.0544511     0.0534308     0.0548545
0.946108     0.0534429     0.0524415     0.0538573
0.947106     0.0524347     0.0514522     0.0528602
0.948104     0.0514265     0.0504629     0.051863
0.949102     0.0504183     0.0494736     0.0508658
0.9501     0.0494101     0.0484843     0.0498686
0.951098     0.0484019     0.0474949     0.0488713
0.952096     0.0473937     0.0465056     0.0478741
0.953094     0.0463855     0.0455163     0.0468769
0.954092     0.0453772     0.0445269     0.0458796
0.95509     0.044369     0.0435376     0.0448824
0.956088     0.0433607     0.0425482     0.0438852
0.957086     0.0423525     0.0415588     0.0428879
0.958084     0.0413442     0.0405695     0.0418906
0.959082     0.0403359     0.0395801     0.0408934
0.96008     0.0393276     0.0385907     0.0398961
0.961078     0.0383194     0.0376013     0.0388988
0.962076     0.0373111     0.0366119     0.0379015
0.963074     0.0363028     0.0356225     0.0369042
0.964072     0.0352945     0.0346331     0.0359069
0.96507     0.0342861     0.0336437     0.0349096
0.966068     0.0332778     0.0326543     0.0339123
0.967066     0.0322695     0.0316648     0.0329149
0.968064     0.0312612     0.0306754     0.0319176
0.969062     0.0302528     0.0296859     0.0309203
0.97006     0.0292445     0.0286965     0.0299229
0.971058     0.0282361     0.027707     0.0289256
0.972056     0.0272278     0.0267176     0.0279282
0.973054     0.0262194     0.0257281     0.0269308
0.974052     0.025211     0.0247386     0.0259335
0.97505     0.0242027     0.0237491     0.0249361
0.976048     0.0231943     0.0227597     0.0239387
0.977046     0.0221859     0.0217702     0.0229413
0.978044     0.0211775     0.0207807     0.0219439
0.979042     0.0201691     0.0197912     0.0209465
0.98004     0.0191607     0.0188017     0.0199491
0.981038     0.0181523     0.0178121     0.0189517
0.982036     0.0171439     0.0168226     0.0179543
0.983034     0.0161354     0.0158331     0.0169569
0.984032     0.015127     0.0148436     0.0159595
0.98503     0.0141186     0.013854     0.014962
0.986028     0.0131101     0.0128645     0.0139646
0.987026     0.0121017     0.0118749     0.0129672
0.988024     0.0110933     0.0108854     0.0119697
0.989022     0.0100848     0.00989584     0.0109723
0.99002     0.00907634     0.00890627     0.00997482
0.991018     0.00806788     0.00791671     0.00897736
0.992016     0.00705941     0.00692714     0.0079799
0.993014     0.00605094     0.00593756     0.00698243
0.994012     0.00504246     0.00494798     0.00598495
0.99501     0.00403398     0.00395839     0.00498747
0.996008     0.00302549     0.0029688     0.00398999
0.997006     0.002017     0.00197921     0.0029925
0.998004     0.0010085     0.000989605     0.001995
