0     0.00449478
0.00199601     0.00889095
0.00299401     0.017635
0.00399202     0.0262823
0.00499002     0.034834
0.00598802     0.0432909
0.00698603     0.0516539
0.00798403     0.0599241
0.00898204     0.0681024
0.00998004     0.0761896
0.010978     0.0841866
0.011976     0.0920944
0.0129741     0.0999139
0.0139721     0.107646
0.0149701     0.115291
0.0159681     0.122851
0.0169661     0.130326
0.0179641     0.137716
0.0189621     0.145024
0.0199601     0.152249
0.0209581     0.159392
0.0219561     0.166455
0.0229541     0.173437
0.0239521     0.180341
0.0249501     0.187166
0.0259481     0.193914
0.0269461     0.200584
0.0279441     0.207179
0.0289421     0.213698
0.0299401     0.220143
0.0309381     0.226514
0.0319361     0.232812
0.0329341     0.239037
0.0339321     0.245191
0.0349301     0.251274
0.0359281     0.257286
0.0369261     0.263229
0.0379242     0.269104
0.0389222     0.27491
0.0399202     0.280648
0.0409182     0.28632
0.0419162     0.291926
0.0429142     0.297466
0.0439122     0.302941
0.0449102     0.308352
0.0459082     0.313699
0.0469062     0.318984
0.0479042     0.324206
0.0489022     0.329367
0.0499002     0.334466
0.0508982     0.339505
0.0518962     0.344484
0.0528942     0.349404
0.0538922     0.354265
0.0548902     0.359068
0.0558882     0.363814
0.0568862     0.368503
0.0578842     0.373135
0.0588822     0.377711
0.0598802     0.382232
0.0608782     0.386698
0.0618762     0.391111
0.0628743     0.395469
0.0638723     0.399775
0.0648703     0.404027
0.0658683     0.408228
0.0668663     0.412377
0.0678643     0.416475
0.0688623     0.420523
0.0698603     0.424521
0.0708583     0.428469
0.0718563     0.432368
0.0728543     0.436218
0.0738523     0.440021
0.0748503     0.443776
0.0758483     0.447483
0.0768463     0.451144
0.0778443     0.454759
0.0788423     0.458328
0.0798403     0.461852
0.0808383     0.465331
0.0818363     0.468766
0.0828343     0.472157
0.0838323     0.475504
0.0848303     0.478808
0.0858283     0.48207
0.0868263     0.485289
0.0878244     0.488466
0.0888224     0.491602
0.0898204     0.494698
0.0908184     0.497752
0.0918164     0.500767
0.0928144     0.503741
0.0938124     0.506676
0.0948104     0.509573
0.0958084     0.51243
0.0968064     0.51525
0.0978044     0.518032
0.0988024     0.520776
0.0998004     0.523483
0.100798     0.526153
0.101796     0.528787
0.102794     0.531385
0.103792     0.533948
0.10479     0.536475
0.105788     0.538967
0.106786     0.541425
0.107784     0.543848
0.108782     0.546238
0.10978     0.548594
0.110778     0.550916
0.111776     0.553206
0.112774     0.555463
0.113772     0.557688
0.11477     0.559882
0.115768     0.562043
0.116766     0.564173
0.117764     0.566272
0.118762     0.568341
0.11976     0.570379
0.120758     0.572387
0.121756     0.574365
0.122754     0.576314
0.123752     0.578234
0.12475     0.580125
0.125749     0.581987
0.126747     0.58382
0.127745     0.585626
0.128743     0.587404
0.129741     0.589155
0.130739     0.590878
0.131737     0.592574
0.132735     0.594244
0.133733     0.595887
0.134731     0.597504
0.135729     0.599096
0.136727     0.600661
0.137725     0.602201
0.138723     0.603716
0.139721     0.605207
0.140719     0.606672
0.141717     0.608113
0.142715     0.609531
0.143713     0.610924
0.144711     0.612293
0.145709     0.613639
0.146707     0.614962
0.147705     0.616262
0.148703     0.617539
0.149701     0.618794
0.150699     0.620026
0.151697     0.621236
0.152695     0.622425
0.153693     0.623591
0.154691     0.624737
0.155689     0.625861
0.156687     0.626964
0.157685     0.628047
0.158683     0.629108
0.159681     0.63015
0.160679     0.631171
0.161677     0.632172
0.162675     0.633154
0.163673     0.634116
0.164671     0.635058
0.165669     0.635982
0.166667     0.636886
0.167665     0.637771
0.168663     0.638638
0.169661     0.639487
0.170659     0.640317
0.171657     0.641129
0.172655     0.641923
0.173653     0.6427
0.174651     0.643459
0.175649     0.6442
0.176647     0.644925
0.177645     0.645632
0.178643     0.646323
0.179641     0.646997
0.180639     0.647654
0.181637     0.648295
0.182635     0.64892
0.183633     0.649528
0.184631     0.650121
0.185629     0.650698
0.186627     0.65126
0.187625     0.651806
0.188623     0.652337
0.189621     0.652853
0.190619     0.653354
0.191617     0.65384
0.192615     0.654311
0.193613     0.654768
0.194611     0.65521
0.195609     0.655639
0.196607     0.656053
0.197605     0.656453
0.198603     0.65684
0.199601     0.657212
0.200599     0.657572
0.201597     0.657917
0.202595     0.65825
0.203593     0.658569
0.204591     0.658876
0.205589     0.659169
0.206587     0.65945
0.207585     0.659718
0.208583     0.659974
0.209581     0.660217
0.210579     0.660448
0.211577     0.660667
0.212575     0.660874
0.213573     0.661069
0.214571     0.661253
0.215569     0.661424
0.216567     0.661584
0.217565     0.661733
0.218563     0.66187
0.219561     0.661997
0.220559     0.662112
0.221557     0.662216
0.222555     0.662309
0.223553     0.662392
0.224551     0.662463
0.225549     0.662525
0.226547     0.662576
0.227545     0.662616
0.228543     0.662646
0.229541     0.662667
0.230539     0.662677
0.231537     0.662677
0.232535     0.662667
0.233533     0.662648
0.234531     0.662619
0.235529     0.66258
0.236527     0.662532
0.237525     0.662475
0.238523     0.662408
0.239521     0.662332
0.240519     0.662247
0.241517     0.662154
0.242515     0.662051
0.243513     0.661939
0.244511     0.661819
0.245509     0.66169
0.246507     0.661553
0.247505     0.661407
0.248503     0.661252
0.249501     0.66109
0.250499     0.660919
0.251497     0.66074
0.252495     0.660553
0.253493     0.660358
0.254491     0.660155
0.255489     0.659944
0.256487     0.659726
0.257485     0.659499
0.258483     0.659266
0.259481     0.659024
0.260479     0.658776
0.261477     0.65852
0.262475     0.658256
0.263473     0.657986
0.264471     0.657708
0.265469     0.657423
0.266467     0.657132
0.267465     0.656833
0.268463     0.656527
0.269461     0.656215
0.270459     0.655896
0.271457     0.65557
0.272455     0.655238
0.273453     0.654899
0.274451     0.654554
0.275449     0.654202
0.276447     0.653844
0.277445     0.65348
0.278443     0.653109
0.279441     0.652732
0.280439     0.652349
0.281437     0.651961
0.282435     0.651566
0.283433     0.651165
0.284431     0.650758
0.285429     0.650346
0.286427     0.649928
0.287425     0.649504
0.288423     0.649075
0.289421     0.64864
0.290419     0.648199
0.291417     0.647753
0.292415     0.647302
0.293413     0.646845
0.294411     0.646383
0.295409     0.645916
0.296407     0.645444
0.297405     0.644966
0.298403     0.644483
0.299401     0.643996
0.300399     0.643503
0.301397     0.643005
0.302395     0.642503
0.303393     0.641995
0.304391     0.641483
0.305389     0.640966
0.306387     0.640445
0.307385     0.639918
0.308383     0.639388
0.309381     0.638852
0.310379     0.638312
0.311377     0.637768
0.312375     0.637219
0.313373     0.636666
0.314371     0.636108
0.315369     0.635546
0.316367     0.63498
0.317365     0.63441
0.318363     0.633836
0.319361     0.633257
0.320359     0.632674
0.321357     0.632088
0.322355     0.631497
0.323353     0.630902
0.324351     0.630303
0.325349     0.629701
0.326347     0.629095
0.327345     0.628484
0.328343     0.62787
0.329341     0.627253
0.330339     0.626631
0.331337     0.626006
0.332335     0.625378
0.333333     0.624745
0.334331     0.62411
0.335329     0.62347
0.336327     0.622827
0.337325     0.622181
0.338323     0.621532
0.339321     0.620878
0.340319     0.620222
0.341317     0.619562
0.342315     0.618899
0.343313     0.618233
0.344311     0.617564
0.345309     0.616891
0.346307     0.616215
0.347305     0.615536
0.348303     0.614854
0.349301     0.614169
0.350299     0.613481
0.351297     0.61279
0.352295     0.612096
0.353293     0.611399
0.354291     0.610699
0.355289     0.609996
0.356287     0.609291
0.357285     0.608582
0.358283     0.607871
0.359281     0.607157
0.360279     0.60644
0.361277     0.605721
0.362275     0.604998
0.363273     0.604274
0.364271     0.603546
0.365269     0.602816
0.366267     0.602083
0.367265     0.601348
0.368263     0.60061
0.369261     0.59987
0.370259     0.599127
0.371257     0.598382
0.372255     0.597635
0.373253     0.596885
0.374251     0.596132
0.37525     0.595377
0.376248     0.59462
0.377246     0.593861
0.378244     0.593099
0.379242     0.592335
0.38024     0.591569
0.381238     0.590801
0.382236     0.59003
0.383234     0.589257
0.384232     0.588482
0.38523     0.587705
0.386228     0.586926
0.387226     0.586144
0.388224     0.585361
0.389222     0.584576
0.39022     0.583788
0.391218     0.582999
0.392216     0.582207
0.393214     0.581414
0.394212     0.580618
0.39521     0.579821
0.396208     0.579022
0.397206     0.57822
0.398204     0.577417
0.399202     0.576613
0.4002     0.575806
0.401198     0.574997
0.402196     0.574187
0.403194     0.573375
0.404192     0.572561
0.40519     0.571745
0.406188     0.570928
0.407186     0.570109
0.408184     0.569288
0.409182     0.568465
0.41018     0.567641
0.411178     0.566816
0.412176     0.565988
0.413174     0.565159
0.414172     0.564328
0.41517     0.563496
0.416168     0.562662
0.417166     0.561827
0.418164     0.56099
0.419162     0.560152
0.42016     0.559312
0.421158     0.558471
0.422156     0.557628
0.423154     0.556783
0.424152     0.555938
0.42515     0.55509
0.426148     0.554242
0.427146     0.553392
0.428144     0.55254
0.429142     0.551687
0.43014     0.550833
0.431138     0.549978
0.432136     0.549121
0.433134     0.548263
0.434132     0.547403
0.43513     0.546543
0.436128     0.54568
0.437126     0.544817
0.438124     0.543953
0.439122     0.543087
0.44012     0.54222
0.441118     0.541351
0.442116     0.540482
0.443114     0.539611
0.444112     0.538739
0.44511     0.537866
0.446108     0.536992
0.447106     0.536117
0.448104     0.53524
0.449102     0.534362
0.4501     0.533484
0.451098     0.532604
0.452096     0.531723
0.453094     0.530841
0.454092     0.529958
0.45509     0.529074
0.456088     0.528188
0.457086     0.527302
0.458084     0.526415
0.459082     0.525526
0.46008     0.524637
0.461078     0.523747
0.462076     0.522855
0.463074     0.521963
0.464072     0.52107
0.46507     0.520176
0.466068     0.519281
0.467066     0.518384
0.468064     0.517487
0.469062     0.516589
0.47006     0.51569
0.471058     0.514791
0.472056     0.51389
0.473054     0.512988
0.474052     0.512086
0.47505     0.511183
0.476048     0.510278
0.477046     0.509373
0.478044     0.508467
0.479042     0.507561
0.48004     0.506653
0.481038     0.505745
0.482036     0.504836
0.483034     0.503926
0.484032     0.503015
0.48503     0.502103
0.486028     0.501191
0.487026     0.500278
0.488024     0.499364
0.489022     0.498449
0.49002     0.497534
0.491018     0.496618
0.492016     0.495701
0.493014     0.494783
0.494012     0.493865
0.49501     0.492946
0.496008     0.492026
0.497006     0.491106
0.498004     0.490185
0.499002     0.489263
0.5     0.48834
0.500998     0.487417
0.501996     0.486493
0.502994     0.485569
0.503992     0.484644
0.50499     0.483718
0.505988     0.482792
0.506986     0.481865
0.507984     0.480937
0.508982     0.480009
0.50998     0.47908
0.510978     0.47815
0.511976     0.47722
0.512974     0.476289
0.513972     0.475358
0.51497     0.474426
0.515968     0.473494
0.516966     0.472561
0.517964     0.471627
0.518962     0.470693
0.51996     0.469758
0.520958     0.468823
0.521956     0.467887
0.522954     0.466951
0.523952     0.466014
0.52495     0.465077
0.525948     0.464139
0.526946     0.4632
0.527944     0.462261
0.528942     0.461322
0.52994     0.460382
0.530938     0.459441
0.531936     0.4585
0.532934     0.457559
0.533932     0.456617
0.53493     0.455675
0.535928     0.454732
0.536926     0.453788
0.537924     0.452845
0.538922     0.4519
0.53992     0.450956
0.540918     0.45001
0.541916     0.449065
0.542914     0.448119
0.543912     0.447172
0.54491     0.446225
0.545908     0.445278
0.546906     0.44433
0.547904     0.443382
0.548902     0.442433
0.5499     0.441484
0.550898     0.440535
0.551896     0.439585
0.552894     0.438635
0.553892     0.437684
0.55489     0.436733
0.555888     0.435782
0.556886     0.43483
0.557884     0.433878
0.558882     0.432925
0.55988     0.431972
0.560878     0.431019
0.561876     0.430065
0.562874     0.429111
0.563872     0.428157
0.56487     0.427202
0.565868     0.426247
0.566866     0.425291
0.567864     0.424336
0.568862     0.42338
0.56986     0.422423
0.570858     0.421466
0.571856     0.420509
0.572854     0.419552
0.573852     0.418594
0.57485     0.417636
0.575848     0.416677
0.576846     0.415719
0.577844     0.41476
0.578842     0.4138
0.57984     0.412841
0.580838     0.411881
0.581836     0.410921
0.582834     0.40996
0.583832     0.408999
0.58483     0.408038
0.585828     0.407077
0.586826     0.406115
0.587824     0.405153
0.588822     0.404191
0.58982     0.403228
0.590818     0.402265
0.591816     0.401302
0.592814     0.400339
0.593812     0.399375
0.59481     0.398411
0.595808     0.397447
0.596806     0.396483
0.597804     0.395518
0.598802     0.394553
0.5998     0.393588
0.600798     0.392623
0.601796     0.391657
0.602794     0.390691
0.603792     0.389725
0.60479     0.388759
0.605788     0.387792
0.606786     0.386825
0.607784     0.385858
0.608782     0.384891
0.60978     0.383923
0.610778     0.382956
0.611776     0.381988
0.612774     0.381019
0.613772     0.380051
0.61477     0.379082
0.615768     0.378114
0.616766     0.377145
0.617764     0.376175
0.618762     0.375206
0.61976     0.374236
0.620758     0.373266
0.621756     0.372296
0.622754     0.371326
0.623752     0.370356
0.62475     0.369385
0.625749     0.368414
0.626747     0.367443
0.627745     0.366472
0.628743     0.3655
0.629741     0.364529
0.630739     0.363557
0.631737     0.362585
0.632735     0.361613
0.633733     0.360641
0.634731     0.359668
0.635729     0.358695
0.636727     0.357723
0.637725     0.35675
0.638723     0.355776
0.639721     0.354803
0.640719     0.353829
0.641717     0.352856
0.642715     0.351882
0.643713     0.350908
0.644711     0.349934
0.645709     0.348959
0.646707     0.347985
0.647705     0.34701
0.648703     0.346036
0.649701     0.345061
0.650699     0.344086
0.651697     0.34311
0.652695     0.342135
0.653693     0.341159
0.654691     0.340184
0.655689     0.339208
0.656687     0.338232
0.657685     0.337256
0.658683     0.33628
0.659681     0.335303
0.660679     0.334327
0.661677     0.33335
0.662675     0.332373
0.663673     0.331396
0.664671     0.330419
0.665669     0.329442
0.666667     0.328465
0.667665     0.327487
0.668663     0.32651
0.669661     0.325532
0.670659     0.324554
0.671657     0.323576
0.672655     0.322598
0.673653     0.32162
0.674651     0.320642
0.675649     0.319664
0.676647     0.318685
0.677645     0.317706
0.678643     0.316728
0.679641     0.315749
0.680639     0.31477
0.681637     0.313791
0.682635     0.312812
0.683633     0.311832
0.684631     0.310853
0.685629     0.309873
0.686627     0.308894
0.687625     0.307914
0.688623     0.306934
0.689621     0.305954
0.690619     0.304974
0.691617     0.303994
0.692615     0.303014
0.693613     0.302034
0.694611     0.301053
0.695609     0.300073
0.696607     0.299092
0.697605     0.298111
0.698603     0.297131
0.699601     0.29615
0.700599     0.295169
0.701597     0.294188
0.702595     0.293207
0.703593     0.292225
0.704591     0.291244
0.705589     0.290263
0.706587     0.289281
0.707585     0.2883
0.708583     0.287318
0.709581     0.286336
0.710579     0.285354
0.711577     0.284372
0.712575     0.28339
0.713573     0.282408
0.714571     0.281426
0.715569     0.280444
0.716567     0.279462
0.717565     0.278479
0.718563     0.277497
0.719561     0.276514
0.720559     0.275532
0.721557     0.274549
0.722555     0.273566
0.723553     0.272583
0.724551     0.2716
0.725549     0.270617
0.726547     0.269634
0.727545     0.268651
0.728543     0.267668
0.729541     0.266685
0.730539     0.265701
0.731537     0.264718
0.732535     0.263735
0.733533     0.262751
0.734531     0.261767
0.735529     0.260784
0.736527     0.2598
0.737525     0.258816
0.738523     0.257832
0.739521     0.256849
0.740519     0.255865
0.741517     0.254881
0.742515     0.253896
0.743513     0.252912
0.744511     0.251928
0.745509     0.250944
0.746507     0.24996
0.747505     0.248975
0.748503     0.247991
0.749501     0.247006
0.750499     0.246022
0.751497     0.245037
0.752495     0.244052
0.753493     0.243068
0.754491     0.242083
0.755489     0.241098
0.756487     0.240113
0.757485     0.239128
0.758483     0.238143
0.759481     0.237158
0.760479     0.236173
0.761477     0.235188
0.762475     0.234203
0.763473     0.233218
0.764471     0.232233
0.765469     0.231247
0.766467     0.230262
0.767465     0.229276
0.768463     0.228291
0.769461     0.227305
0.770459     0.22632
0.771457     0.225334
0.772455     0.224349
0.773453     0.223363
0.774451     0.222377
0.775449     0.221392
0.776447     0.220406
0.777445     0.21942
0.778443     0.218434
0.779441     0.217448
0.780439     0.216462
0.781437     0.215476
0.782435     0.21449
0.783433     0.213504
0.784431     0.212518
0.785429     0.211532
0.786427     0.210545
0.787425     0.209559
0.788423     0.208573
0.789421     0.207587
0.790419     0.2066
0.791417     0.205614
0.792415     0.204627
0.793413     0.203641
0.794411     0.202654
0.795409     0.201668
0.796407     0.200681
0.797405     0.199695
0.798403     0.198708
0.799401     0.197721
0.800399     0.196735
0.801397     0.195748
0.802395     0.194761
0.803393     0.193774
0.804391     0.192787
0.805389     0.191801
0.806387     0.190814
0.807385     0.189827
0.808383     0.18884
0.809381     0.187853
0.810379     0.186866
0.811377     0.185879
0.812375     0.184892
0.813373     0.183904
0.814371     0.182917
0.815369     0.18193
0.816367     0.180943
0.817365     0.179956
0.818363     0.178968
0.819361     0.177981
0.820359     0.176994
0.821357     0.176006
0.822355     0.175019
0.823353     0.174032
0.824351     0.173044
0.825349     0.172057
0.826347     0.171069
0.827345     0.170082
0.828343     0.169094
0.829341     0.168107
0.830339     0.167119
0.831337     0.166132
0.832335     0.165144
0.833333     0.164156
0.834331     0.163169
0.835329     0.162181
0.836327     0.161193
0.837325     0.160205
0.838323     0.159218
0.839321     0.15823
0.840319     0.157242
0.841317     0.156254
0.842315     0.155266
0.843313     0.154278
0.844311     0.153291
0.845309     0.152303
0.846307     0.151315
0.847305     0.150327
0.848303     0.149339
0.849301     0.148351
0.850299     0.147363
0.851297     0.146375
0.852295     0.145387
0.853293     0.144398
0.854291     0.14341
0.855289     0.142422
0.856287     0.141434
0.857285     0.140446
0.858283     0.139458
0.859281     0.138469
0.860279     0.137481
0.861277     0.136493
0.862275     0.135505
0.863273     0.134516
0.864271     0.133528
0.865269     0.13254
0.866267     0.131552
0.867265     0.130563
0.868263     0.129575
0.869261     0.128586
0.870259     0.127598
0.871257     0.12661
0.872255     0.125621
0.873253     0.124633
0.874251     0.123644
0.87525     0.122656
0.876248     0.121667
0.877246     0.120679
0.878244     0.11969
0.879242     0.118702
0.88024     0.117713
0.881238     0.116725
0.882236     0.115736
0.883234     0.114747
0.884232     0.113759
0.88523     0.11277
0.886228     0.111782
0.887226     0.110793
0.888224     0.109804
0.889222     0.108816
0.89022     0.107827
0.891218     0.106838
0.892216     0.105849
0.893214     0.104861
0.894212     0.103872
0.89521     0.102883
0.896208     0.101894
0.897206     0.100906
0.898204     0.0999168
0.899202     0.0989279
0.9002     0.0979391
0.901198     0.0969503
0.902196     0.0959614
0.903194     0.0949725
0.904192     0.0939837
0.90519     0.0929948
0.906188     0.0920059
0.907186     0.091017
0.908184     0.090028
0.909182     0.0890391
0.91018     0.0880502
0.911178     0.0870612
0.912176     0.0860722
0.913174     0.0850833
0.914172     0.0840943
0.91517     0.0831053
0.916168     0.0821162
0.917166     0.0811272
0.918164     0.0801382
0.919162     0.0791492
0.92016     0.0781601
0.921158     0.077171
0.922156     0.076182
0.923154     0.0751929
0.924152     0.0742038
0.92515     0.0732147
0.926148     0.0722256
0.927146     0.0712365
0.928144     0.0702473
0.929142     0.0692582
0.93014     0.068269
0.931138     0.0672799
0.932136     0.0662907
0.933134     0.0653015
0.934132     0.0643123
0.93513     0.0633232
0.936128     0.0623339
0.937126     0.0613447
0.938124     0.0603555
0.939122     0.0593663
0.94012     0.0583771
0.941118     0.0573878
0.942116     0.0563986
0.943114     0.0554093
0.944112     0.05442
0.94511     0.0534308
0.946108     0.0524415
0.947106     0.0514522
0.948104     0.0504629
0.949102     0.0494736
0.9501     0.0484843
0.951098     0.0474949
0.952096     0.0465056
0.953094     0.0455163
0.954092     0.0445269
0.95509     0.0435376
0.956088     0.0425482
0.957086     0.0415588
0.958084     0.0405695
0.959082     0.0395801
0.96008     0.0385907
0.961078     0.0376013
0.962076     0.0366119
0.963074     0.0356225
0.964072     0.0346331
0.96507     0.0336437
0.966068     0.0326543
0.967066     0.0316648
0.968064     0.0306754
0.969062     0.0296859
0.97006     0.0286965
0.971058     0.027707
0.972056     0.0267176
0.973054     0.0257281
0.974052     0.0247386
0.97505     0.0237491
0.976048     0.0227597
0.977046     0.0217702
0.978044     0.0207807
0.979042     0.0197912
0.98004     0.0188017
0.981038     0.0178121
0.982036     0.0168226
0.983034     0.0158331
0.984032     0.0148436
0.98503     0.013854
0.986028     0.0128645
0.987026     0.0118749
0.988024     0.0108854
0.989022     0.00989584
0.99002     0.00890627
0.991018     0.00791671
0.992016     0.00692714
0.993014     0.00593756
0.994012     0.00494798
0.99501     0.00395839
0.996008     0.0029688
0.997006     0.00197921
0.998004     0.000989605
