#Tellus
#X     Y
1     0
0.999772     0.0213459
0.999089     0.0426821
0.99795     0.0639988
0.996356     0.0852864
0.994309     0.106535
0.991808     0.127735
0.988856     0.148877
0.985452     0.169951
0.9816     0.190948
0.977301     0.211858
0.972556     0.232671
0.967367     0.253378
0.961738     0.273969
0.955671     0.294436
0.949168     0.314769
0.942233     0.334958
0.934868     0.354994
0.927078     0.374869
0.918865     0.394573
0.910233     0.414097
0.901186     0.433432
0.891729     0.45257
0.881865     0.471502
0.871599     0.490219
0.860937     0.508712
0.849882     0.526974
0.838439     0.544995
0.826615     0.562768
0.814414     0.580285
0.801841     0.597537
0.788904     0.614517
0.775607     0.631217
0.761956     0.647629
0.747958     0.663746
0.733619     0.679561
0.718946     0.695066
0.703946     0.710254
0.688624     0.725118
0.672989     0.739652
0.657047     0.753849
0.640806     0.767703
0.624273     0.781207
0.607455     0.794354
0.59036     0.80714
0.572997     0.819558
0.555372     0.831602
0.537494     0.843268
0.519371     0.854549
0.501012     0.865441
0.482424     0.875938
0.463616     0.886036
0.444598     0.895731
0.425376     0.905017
0.405961     0.913891
0.38636     0.922348
0.366584     0.930385
0.346641     0.937998
0.326539     0.945184
0.306289     0.951939
0.285899     0.95826
0.265379     0.964144
0.244738     0.969589
0.223986     0.974593
0.203131     0.979152
0.182184     0.983265
0.161154     0.98693
0.14005     0.990145
0.118883     0.992909
0.0976611     0.99522
0.076395     0.997078
0.0550941     0.998481
0.033768     0.99943
0.0124266     0.999923
-0.00892048     0.99996
-0.0302635     0.999542
-0.0515927     0.998669
-0.0728985     0.99734
-0.094171     0.995556
-0.115401     0.993319
-0.136578     0.99063
-0.157692     0.987489
-0.178735     0.983898
-0.199697     0.979858
-0.220567     0.975372
-0.241337     0.970442
-0.261997     0.965069
-0.282538     0.959257
-0.302949     0.953007
-0.323223     0.946323
-0.34335     0.939208
-0.36332     0.931665
-0.383124     0.923697
-0.402754     0.915309
-0.4222     0.906503
-0.441454     0.897284
-0.460507     0.887657
-0.47935     0.877624
-0.497974     0.867192
-0.516372     0.856365
-0.534534     0.845147
-0.552453     0.833545
-0.57012     0.821562
-0.587527     0.809205
-0.604666     0.79648
-0.62153     0.783391
-0.63811     0.769946
-0.6544     0.756149
-0.670392     0.742008
-0.686078     0.727529
-0.701451     0.712718
-0.716505     0.697583
-0.731232     0.682129
-0.745626     0.666365
-0.759681     0.650297
-0.773389     0.633933
-0.786744     0.61728
-0.799741     0.600345
-0.812374     0.583138
-0.824637     0.565664
-0.836523     0.547932
-0.848029     0.529951
-0.859148     0.511728
-0.869875     0.493273
-0.880207     0.474592
-0.890137     0.455695
-0.899661     0.43659
-0.908775     0.417287
-0.917476     0.397793
-0.925758     0.378118
-0.933618     0.358271
-0.941053     0.33826
-0.948059     0.318096
-0.954633     0.297786
-0.960772     0.277341
-0.966473     0.256769
-0.971734     0.23608
-0.976552     0.215284
-0.980925     0.19439
-0.984851     0.173407
-0.988328     0.152345
-0.991355     0.131213
-0.99393     0.110022
-0.996052     0.0887805
-0.99772     0.0674987
-0.998933     0.0461861
-0.999692     0.0248524
-0.999994     0.00350745
-0.999841     -0.0178391
-0.999233     -0.0391776
-0.998169     -0.0604981
-0.99665     -0.0817911
-0.994677     -0.103047
-0.992251     -0.124256
-0.989372     -0.145408
-0.986043     -0.166494
-0.982264     -0.187504
-0.978038     -0.208428
-0.973366     -0.229258
-0.968251     -0.249983
-0.962694     -0.270594
-0.956699     -0.291082
-0.950267     -0.311437
-0.943403     -0.331651
-0.936108     -0.351713
-0.928388     -0.371615
-0.920244     -0.391347
-0.91168     -0.410902
-0.902701     -0.430269
-0.893311     -0.44944
-0.883514     -0.468406
-0.873314     -0.487158
-0.862716     -0.505689
-0.851725     -0.523989
-0.840346     -0.542051
-0.828584     -0.559865
-0.816445     -0.577424
-0.803933     -0.594721
-0.791055     -0.611746
-0.777817     -0.628492
-0.764224     -0.644952
-0.750282     -0.661118
-0.735999     -0.676983
-0.721381     -0.692539
-0.706434     -0.70778
-0.691164     -0.722698
-0.67558     -0.737287
-0.659688     -0.75154
-0.643496     -0.76545
-0.62701     -0.779012
-0.610238     -0.792219
-0.593189     -0.805064
-0.575869     -0.817543
-0.558286     -0.829649
-0.540449     -0.841377
-0.522366     -0.852722
-0.504045     -0.863678
-0.485494     -0.87424
-0.466722     -0.884404
-0.447738     -0.894165
-0.428549     -0.903519
-0.409165     -0.912461
-0.389594     -0.920987
-0.369846     -0.929093
-0.34993     -0.936776
-0.329854     -0.944033
-0.309627     -0.950858
-0.28926     -0.957251
-0.26876     -0.963207
-0.248139     -0.968725
-0.227404     -0.973801
-0.206565     -0.978433
-0.185633     -0.98262
-0.164616     -0.986358
-0.143523     -0.989647
-0.122366     -0.992485
-0.101152     -0.994871
-0.0798929     -0.996804
-0.058597     -0.998282
-0.0372744     -0.999305
-0.0159348     -0.999873
0.00541198     -0.999986
0.0267563     -0.999642
0.0480885     -0.998843
0.0693988     -0.997589
0.0906774     -0.995881
0.111915     -0.993718
0.133101     -0.991103
0.154227     -0.988036
0.175282     -0.984519
0.196258     -0.980553
0.217144     -0.97614
0.237931     -0.971282
0.258609     -0.965982
0.27917     -0.960242
0.299604     -0.954064
0.319901     -0.947451
0.340052     -0.940407
0.360049     -0.932934
0.379881     -0.925036
0.39954     -0.916716
0.419017     -0.907979
0.438303     -0.898827
0.45739     -0.889267
0.476268     -0.879301
0.494929     -0.868934
0.513364     -0.858171
0.531565     -0.847017
0.549525     -0.835478
0.567233     -0.823557
0.584684     -0.811261
0.601868     -0.798596
0.618777     -0.785567
0.635405     -0.772179
0.651743     -0.75844
0.667784     -0.744355
0.683521     -0.729931
0.698946     -0.715174
0.714053     -0.700092
0.728834     -0.68469
0.743284     -0.668977
0.757394     -0.652958
0.77116     -0.636642
0.784574     -0.620036
0.79763     -0.603147
0.810323     -0.585984
0.822647     -0.568553
0.834596     -0.550863
0.846164     -0.532923
0.857347     -0.514739
0.868139     -0.496321
0.878536     -0.477677
0.888532     -0.458815
0.898123     -0.439744
0.907306     -0.420472
0.916074     -0.401009
0.924425     -0.381363
0.932355     -0.361544
0.93986     -0.341559
0.946937     -0.321419
0.953582     -0.301133
0.959793     -0.280709
0.965566     -0.260157
0.9709     -0.239487
0.97579     -0.218708
0.980237     -0.197829
0.984236     -0.17686
0.987787     -0.15581
0.990888     -0.134689
0.993537     -0.113507
0.995734     -0.0922736
0.997476     -0.0709977
0.998765     -0.0496895
0.999598     -0.0283586
0.999975     -0.00701486
0.999897     0.0143321
0.999364     0.0356726
0.998374     0.0569968
0.99693     0.078295
0.995032     0.0995575
0.99268     0.120775
0.989876     0.141937
0.98662     0.163034
0.982915     0.184057
0.978763     0.204997
0.974164     0.225843
0.969121     0.246586
0.963637     0.267216
0.957713     0.287725
0.951353     0.308103
0.94456     0.32834
0.937336     0.348428
0.929685     0.368357
0.92161     0.388118
0.913115     0.407702
0.904204     0.4271
0.894882     0.446304
0.885151     0.465304
0.875017     0.484093
0.864484     0.50266
0.853557     0.520999
0.842242     0.5391
0.830542     0.556956
0.818464     0.574558
0.806013     0.591898
0.793195     0.608968
0.780015     0.62576
0.76648     0.642268
0.752596     0.658483
0.738368     0.674398
0.723805     0.690005
0.708911     0.705298
0.693694     0.72027
0.678161     0.734913
0.662319     0.749222
0.646176     0.763189
0.629737     0.776808
0.613012     0.790074
0.596008     0.802979
0.578732     0.815518
0.561192     0.827686
0.543396     0.839477
0.525353     0.850885
0.50707     0.861905
0.488557     0.872532
0.46982     0.882762
0.45087     0.89259
0.431714     0.902011
0.412362     0.91102
0.392821     0.919615
0.373102     0.927791
0.353212     0.935543
0.333162     0.94287
0.312959     0.949767
0.292614     0.956231
0.272136     0.962259
0.251534     0.967849
0.230817     0.972997
0.209995     0.977703
0.189077     0.981963
0.168073     0.985775
0.146992     0.989138
0.125845     0.99205
0.10464     0.99451
0.0833875     0.996517
0.0620969     0.99807
0.0407781     0.999169
0.0194406     0.999811
-0.00190568     0.999998
-0.0232511     0.99973
-0.0445859     0.999006
-0.0659005     0.997827
-0.087185     0.996192
-0.10843     0.994104
-0.129625     0.991563
-0.150761     0.988571
-0.171829     0.985127
-0.192818     0.981235
-0.21372     0.976895
-0.234524     0.972111
-0.255221     0.966883
-0.275802     0.961215
-0.296257     0.955109
-0.316577     0.948567
-0.336753     0.941594
-0.356775     0.934191
-0.376635     0.926362
-0.396323     0.918111
-0.415831     0.909442
-0.435149     0.900359
-0.454269     0.890865
-0.473182     0.880965
-0.491879     0.870664
-0.510352     0.859966
-0.528592     0.848876
-0.546592     0.8374
-0.564342     0.825541
-0.581836     0.813307
-0.599064     0.800702
-0.616019     0.787732
-0.632694     0.774403
-0.64908     0.760721
-0.66517     0.746693
-0.680957     0.732324
-0.696434     0.717621
-0.711594     0.702592
-0.726429     0.687242
-0.740933     0.671579
-0.7551     0.65561
-0.768923     0.639343
-0.782395     0.622784
-0.79551     0.605941
-0.808263     0.588822
-0.820648     0.571435
-0.832659     0.553787
-0.84429     0.535887
-0.855537     0.517743
-0.866394     0.499363
-0.876856     0.480755
-0.886918     0.461928
-0.896576     0.442891
-0.905826     0.423652
-0.914663     0.404219
-0.923083     0.384603
-0.931082     0.364811
-0.938657     0.344853
-0.945804     0.324738
-0.952521     0.304475
-0.958803     0.284074
-0.964648     0.263542
-0.970054     0.242891
-0.975018     0.222129
-0.979537     0.201266
-0.98361     0.180311
-0.987235     0.159274
-0.99041     0.138164
-0.993133     0.116991
-0.995404     0.0957655
-0.997222     0.0744958
-0.998585     0.0531923
-0.999493     0.0318645
-0.999945     0.0105222
-0.999942     -0.0108249
-0.999483     -0.0321671
-0.998569     -0.0534946
-0.997199     -0.0747978
-0.995375     -0.0960668
-0.993098     -0.117292
-0.990368     -0.138464
-0.987187     -0.159573
-0.983556     -0.180609
-0.979476     -0.201562
-0.974951     -0.222424
-0.969981     -0.243185
-0.964569     -0.263834
-0.958717     -0.284364
-0.952429     -0.304764
-0.945706     -0.325025
-0.938553     -0.345138
-0.930972     -0.365093
-0.922966     -0.384882
-0.91454     -0.404496
-0.905698     -0.423926
-0.896442     -0.443162
-0.886778     -0.462197
-0.87671     -0.48102
-0.866243     -0.499625
-0.85538     -0.518002
-0.844128     -0.536143
-0.832491     -0.554039
-0.820475     -0.571683
-0.808085     -0.589067
-0.795327     -0.606182
-0.782206     -0.62302
-0.768729     -0.639575
-0.754902     -0.655839
-0.74073     -0.671803
-0.726221     -0.687462
-0.711381     -0.702807
-0.696217     -0.717832
-0.680736     -0.73253
-0.664944     -0.746894
-0.648849     -0.760918
-0.632459     -0.774594
-0.615781     -0.787918
-0.598821     -0.800883
-0.581589     -0.813483
-0.564092     -0.825712
-0.546338     -0.837565
-0.528335     -0.849036
-0.510091     -0.860121
-0.491615     -0.870813
-0.472915     -0.881109
-0.453999     -0.891003
-0.434876     -0.900491
-0.415555     -0.909568
-0.396045     -0.918231
-0.376355     -0.926476
-0.356492     -0.934299
-0.336468     -0.941695
-0.31629     -0.948663
-0.295968     -0.955198
-0.275511     -0.961298
-0.254928     -0.96696
-0.234229     -0.972182
-0.213424     -0.97696
-0.192521     -0.981293
-0.171531     -0.985179
-0.150462     -0.988616
-0.129325     -0.991603
-0.108129     -0.994137
-0.0868833     -0.996219
-0.0655983     -0.997846
-0.0442835     -0.999019
-0.0229484     -0.999737
-0.00160291     -0.999999
0.0197433     -0.999805
0.0410806     -0.999156
0.0623991     -0.998052
0.0836892     -0.996492
0.104941     -0.994479
0.126145     -0.992012
0.147292     -0.989093
0.168371     -0.985724
0.189374     -0.981905
0.210291     -0.977639
0.231111     -0.972928
0.251827     -0.967773
0.272427     -0.962177
0.292904     -0.956142
0.313247     -0.949672
0.333447     -0.942769
0.353495     -0.935437
0.373382     -0.927678
0.3931     -0.919496
0.412637     -0.910896
0.431987     -0.90188
0.45114     -0.892453
0.470088     -0.88262
0.488821     -0.872384
0.507331     -0.861751
0.525611     -0.850725
0.54365     -0.839312
0.561442     -0.827516
0.578979     -0.815343
0.596251     -0.802798
0.613251     -0.789888
0.629973     -0.776618
0.646407     -0.762993
0.662546     -0.749021
0.678384     -0.734708
0.693912     -0.72006
0.709124     -0.705084
0.724013     -0.689786
0.738573     -0.674174
0.752795     -0.658255
0.766675     -0.642036
0.780205     -0.625524
0.793379     -0.608728
0.806192     -0.591653
0.818638     -0.57431
0.830711     -0.556704
0.842405     -0.538845
0.853715     -0.52074
0.864636     -0.502399
0.875163     -0.483828
0.885292     -0.465036
0.895017     -0.446033
0.904334     -0.426826
0.913239     -0.407425
0.921727     -0.387839
0.929796     -0.368075
0.937441     -0.348144
0.944659     -0.328054
0.951446     -0.307815
0.9578     -0.287435
0.963717     -0.266924
0.969196     -0.246292
0.974232     -0.225548
0.978825     -0.2047
0.982971     -0.18376
0.98667     -0.162736
0.989919     -0.141637
0.992716     -0.120474
0.995062     -0.0992563
0.996954     -0.0779931
0.998392     -0.0566945
0.999374     -0.03537
0.999902     -0.0140294
0.999973     0.00731763
0.999589     0.0286613
0.99875     0.0499919
0.997455     0.0712997
0.995706     0.0925751
0.993503     0.113808
0.990847     0.13499
0.98774     0.156109
0.984182     0.177158
0.980177     0.198126
0.975724     0.219003
0.970827     0.239781
0.965487     0.26045
0.959708     0.281
0.953491     0.301421
0.94684     0.321706
0.939757     0.341844
0.932246     0.361826
0.92431     0.381643
0.915953     0.401286
0.907178     0.420747
0.89799     0.440015
0.888393     0.459084
0.878391     0.477943
0.867989     0.496584
0.857191     0.514999
0.846003     0.533179
0.834429     0.551116
0.822475     0.568802
0.810146     0.586229
0.797447     0.603389
0.784386     0.620273
0.770967     0.636875
0.757196     0.653187
0.743081     0.669202
0.728627     0.684911
0.713841     0.700308
0.69873     0.715386
0.6833     0.730138
0.667559     0.744557
0.651513     0.758637
0.635171     0.772372
0.618539     0.785754
0.601626     0.798778
0.584438     0.811438
0.566984     0.823729
0.549272     0.835644
0.531309     0.847178
0.513104     0.858327
0.494665     0.869084
0.476001     0.879445
0.45712     0.889405
0.438031     0.89896
0.418742     0.908105
0.399262     0.916837
0.379601     0.925151
0.359766     0.933043
0.339767     0.94051
0.319614     0.947548
0.299315     0.954155
0.278879     0.960326
0.258317     0.96606
0.237637     0.971354
0.216848     0.976206
0.195961     0.980612
0.174984     0.984572
0.153927     0.988082
0.132801     0.991143
0.111614     0.993752
0.0903758     0.995908
0.0690967     0.99761
0.0477861     0.998858
0.0264537     0.99965
0.00510921     0.999987
-0.0162376     0.999868
-0.037577     0.999294
-0.0588992     0.998264
-0.0801947     0.99678
-0.101454     0.994841
-0.122666     0.992448
-0.143823     0.989604
-0.164914     0.986308
-0.18593     0.982563
-0.206862     0.978371
-0.227699     0.973732
-0.248432     0.96865
-0.269052     0.963126
-0.289549     0.957163
-0.309915     0.950765
-0.330139     0.943933
-0.350213     0.93667
-0.370127     0.928981
-0.389873     0.920869
-0.409441     0.912337
-0.428822     0.903389
-0.448008     0.89403
-0.46699     0.884263
-0.485759     0.874093
-0.504307     0.863525
-0.522625     0.852563
-0.540704     0.841213
-0.558537     0.82948
-0.576116     0.817368
-0.593432     0.804884
-0.610478     0.792034
-0.627246     0.778822
-0.643727     0.765255
-0.659916     0.75134
-0.675803     0.737083
-0.691383     0.722489
-0.706648     0.707566
-0.72159     0.692321
-0.736204     0.67676
-0.750483     0.660891
-0.764419     0.644721
-0.778007     0.628257
-0.79124     0.611506
-0.804113     0.594477
-0.81662     0.577177
-0.828754     0.559614
-0.84051     0.541796
-0.851884     0.523731
-0.862869     0.505428
-0.873462     0.486894
-0.883656     0.468138
-0.893447     0.449169
-0.902832     0.429995
-0.911805     0.410626
-0.920362     0.391069
-0.9285     0.371334
-0.936215     0.35143
-0.943503     0.331365
-0.950361     0.31115
-0.956787     0.290792
-0.962776     0.270303
-0.968326     0.24969
-0.973436     0.228963
-0.978101     0.208132
-0.982321     0.187206
-0.986093     0.166195
-0.989416     0.145108
-0.992288     0.123955
-0.994708     0.102746
-0.996675     0.0814894
-0.998187     0.0601959
-0.999245     0.038875
-0.999847     0.0175364
-0.999993     -0.00381022
-0.999684     -0.0251551
-0.998919     -0.0464885
-0.997699     -0.0678007
-0.996025     -0.0890821
-0.993896     -0.110323
-0.991315     -0.131513
-0.988282     -0.152644
-0.984798     -0.173705
-0.980866     -0.194687
-0.976487     -0.21558
-0.971663     -0.236375
-0.966396     -0.257062
-0.960688     -0.277632
-0.954543     -0.298075
-0.947963     -0.318383
-0.940951     -0.338545
-0.93351     -0.358554
-0.925643     -0.378399
-0.917355     -0.398071
-0.908649     -0.417562
-0.899529     -0.436863
-0.889999     -0.455965
-0.880063     -0.474858
-0.869726     -0.493536
-0.858993     -0.511989
-0.847868     -0.530208
-0.836357     -0.548186
-0.824465     -0.565913
-0.812197     -0.583383
-0.79956     -0.600588
-0.786557     -0.617518
-0.773197     -0.634167
-0.759484     -0.650527
-0.745424     -0.666591
-0.731026     -0.682351
-0.716294     -0.6978
-0.701235     -0.712931
-0.685857     -0.727737
-0.670167     -0.742211
-0.654171     -0.756347
-0.637877     -0.770139
-0.621293     -0.783579
-0.604425     -0.796663
-0.587282     -0.809383
-0.569871     -0.821735
-0.5522     -0.833712
-0.534278     -0.845309
-0.516112     -0.856521
-0.497712     -0.867343
-0.479084     -0.87777
-0.460238     -0.887796
-0.441182     -0.897418
-0.421926     -0.906631
-0.402477     -0.915431
-0.382844     -0.923813
-0.363038     -0.931775
-0.343065     -0.939312
-0.322937     -0.946421
-0.302661     -0.953099
-0.282247     -0.959342
-0.261705     -0.965148
-0.241043     -0.970515
-0.220272     -0.975439
-0.1994     -0.979919
-0.178437     -0.983952
-0.157393     -0.987536
-0.136278     -0.990671
-0.1151     -0.993354
-0.0938695     -0.995585
-0.0725965     -0.997362
-0.0512904     -0.998684
-0.0299609     -0.999551
-0.00861772     -0.999963
0.0127294     -0.999919
0.0340706     -0.99942
0.0553964     -0.998465
0.0766969     -0.997055
0.0979624     -0.99519
0.119183     -0.992873
0.14035     -0.990102
0.161453     -0.986881
0.182482     -0.983209
0.203428     -0.97909
0.224281     -0.974525
0.245032     -0.969515
0.265671     -0.964064
0.286189     -0.958173
0.306577     -0.951846
0.326825     -0.945085
0.346925     -0.937893
0.366866     -0.930274
0.38664     -0.922231
0.406237     -0.913768
0.42565     -0.904888
0.444869     -0.895596
0.463885     -0.885896
0.482689     -0.875792
0.501274     -0.865289
0.51963     -0.854392
0.537749     -0.843105
0.555624     -0.831434
0.573245     -0.819384
0.590605     -0.806961
0.607695     -0.79417
0.624509     -0.781018
0.641038     -0.767509
0.657276     -0.75365
0.673213     -0.739449
0.688844     -0.72491
0.704161     -0.710041
0.719157     -0.694848
0.733825     -0.679339
0.748159     -0.66352
0.762152     -0.647398
0.775798     -0.630982
0.78909     -0.614278
0.802022     -0.597294
0.814589     -0.580038
0.826785     -0.562518
0.838604     -0.544741
0.850041     -0.526716
0.861091     -0.508451
0.871748     -0.489955
0.882008     -0.471235
0.891866     -0.4523
0.901317     -0.43316
0.910358     -0.413821
0.918984     -0.394295
0.927191     -0.374588
0.934976     -0.354711
0.942335     -0.334673
0.949264     -0.314481
0.95576     -0.294147
0.961821     -0.273678
0.967444     -0.253085
0.972626     -0.232376
0.977365     -0.211562
0.981658     -0.190651
0.985504     -0.169653
0.988901     -0.148578
0.991847     -0.127435
0.994341     -0.106234
0.996382     -0.0849847
0.997969     -0.0636967
0.999102     -0.0423796
0.999779     -0.0210432
1     0.000302779
0.999766     0.0216486
0.999076     0.0429846
0.997931     0.064301
0.996331     0.0855881
0.994277     0.106836
0.99177     0.128036
0.988811     0.149177
0.985401     0.17025
0.981542     0.191245
0.977236     0.212153
0.972485     0.232965
0.967291     0.253671
0.961655     0.274261
0.955582     0.294725
0.949073     0.315056
0.942132     0.335243
0.934761     0.355277
0.926964     0.37515
0.918745     0.394851
0.910107     0.414373
0.901055     0.433705
0.891592     0.45284
0.881722     0.471769
0.871451     0.490483
0.860783     0.508973
0.849722     0.527231
0.838274     0.545249
0.826444     0.563018
0.814238     0.580531
0.80166     0.59778
0.788718     0.614756
0.775415     0.631452
0.76176     0.64786
0.747757     0.663972
0.733414     0.679783
0.718736     0.695283
0.703731     0.710467
0.688405     0.725327
0.672765     0.739856
0.656819     0.754048
0.640574     0.767897
0.624036     0.781396
0.607214     0.794538
0.590116     0.807319
0.572748     0.819731
0.55512     0.83177
0.537239     0.84343
0.519113     0.854706
0.50075     0.865592
0.482159     0.876084
0.463348     0.886177
0.444326     0.895865
0.425102     0.905146
0.405684     0.914014
0.386081     0.922465
0.366302     0.930496
0.346357     0.938103
0.326253     0.945283
0.306001     0.952031
0.285609     0.958346
0.265087     0.964225
0.244445     0.969663
0.223691     0.97466
0.202835     0.979213
0.181886     0.98332
0.160855     0.986978
0.13975     0.990187
0.118582     0.992945
0.0973598     0.99525
0.0760931     0.997101
0.0547917     0.998498
0.0334654     0.99944
0.0121238     0.999927
-0.00922325     0.999958
-0.0305661     0.999533
-0.0518951     0.998653
-0.0732004     0.997318
-0.0944724     0.995528
-0.115701     0.993284
-0.136877     0.990588
-0.157991     0.987441
-0.179033     0.983843
-0.199993     0.979798
-0.220862     0.975305
-0.241631     0.970369
-0.262289     0.96499
-0.282828     0.959171
-0.303238     0.952915
-0.32351     0.946225
-0.343634     0.939104
-0.363602     0.931555
-0.383404     0.923581
-0.403031     0.915187
-0.422475     0.906375
-0.441726     0.897151
-0.460776     0.887517
-0.479615     0.877479
-0.498237     0.867041
-0.516631     0.856209
-0.53479     0.844986
-0.552705     0.833378
-0.570368     0.82139
-0.587772     0.809027
-0.604907     0.796297
-0.621767     0.783203
-0.638343     0.769752
-0.654629     0.755951
-0.670616     0.741805
-0.686298     0.727321
-0.701667     0.712506
-0.716716     0.697366
-0.731439     0.681908
-0.745828     0.666139
-0.759877     0.650067
-0.773581     0.633699
-0.786931     0.617042
-0.799923     0.600103
-0.812551     0.582892
-0.824808     0.565414
-0.836689     0.547679
-0.848189     0.529694
-0.859303     0.511468
-0.870025     0.493009
-0.88035     0.474325
-0.890275     0.455426
-0.899793     0.436318
-0.908902     0.417012
-0.917596     0.397515
-0.925872     0.377838
-0.933727     0.357988
-0.941155     0.337975
-0.948155     0.317809
-0.954723     0.297497
-0.960856     0.27705
-0.966551     0.256476
-0.971806     0.235786
-0.976617     0.214988
-0.980984     0.194093
-0.984903     0.173108
-0.988374     0.152045
-0.991394     0.130913
-0.993963     0.109721
-0.996079     0.0884789
-0.99774     0.0671966
-0.998947     0.0458836
-0.999699     0.0245497
-0.999995     0.00320468
-0.999836     -0.0181418
-0.999221     -0.0394801
-0.998151     -0.0608004
-0.996625     -0.0820929
-0.994646     -0.103348
-0.992213     -0.124556
-0.989328     -0.145707
-0.985993     -0.166792
-0.982208     -0.187801
-0.977975     -0.208724
-0.973297     -0.229553
-0.968175     -0.250276
-0.962612     -0.270886
-0.95661     -0.291372
-0.950173     -0.311725
-0.943302     -0.331936
-0.936002     -0.351996
-0.928275     -0.371896
-0.920125     -0.391626
-0.911556     -0.411178
-0.902571     -0.430542
-0.893175     -0.44971
-0.883372     -0.468673
-0.873167     -0.487423
-0.862563     -0.50595
-0.851567     -0.524247
-0.840182     -0.542305
-0.828415     -0.560116
-0.81627     -0.577672
-0.803753     -0.594964
-0.79087     -0.611985
-0.777626     -0.628728
-0.764028     -0.645184
-0.750082     -0.661345
-0.735794     -0.677206
-0.721171     -0.692758
-0.706219     -0.707994
-0.690946     -0.722907
-0.675357     -0.737492
-0.659461     -0.75174
-0.643264     -0.765645
-0.626774     -0.779202
-0.609998     -0.792403
-0.592945     -0.805244
-0.575621     -0.817717
-0.558035     -0.829818
-0.540195     -0.841541
-0.522108     -0.85288
-0.503784     -0.86383
-0.48523     -0.874387
-0.466455     -0.884546
-0.447467     -0.894301
-0.428275     -0.903649
-0.408888     -0.912585
-0.389315     -0.921105
-0.369565     -0.929205
-0.349646     -0.936882
-0.329568     -0.944132
-0.309339     -0.950952
-0.28897     -0.957339
-0.268469     -0.963289
-0.247845     -0.9688
-0.227109     -0.97387
-0.206269     -0.978496
-0.185335     -0.982676
-0.164317     -0.986408
-0.143224     -0.989691
-0.122065     -0.992522
-0.100851     -0.994902
-0.079591     -0.996828
-0.0582947     -0.9983
-0.0369718     -0.999317
-0.0156321     -0.999878
0.00571475     -0.999984
0.027059     -0.999634
0.0483909     -0.998829
0.0697008     -0.997568
0.0909789     -0.995853
0.112216     -0.993684
0.133401     -0.991062
0.154526     -0.987989
0.17558     -0.984465
0.196554     -0.980493
0.217439     -0.976074
0.238225     -0.97121
0.258902     -0.965904
0.279461     -0.960157
0.299893     -0.953973
0.320188     -0.947354
0.340337     -0.940304
0.360331     -0.932825
0.380161     -0.924921
0.399818     -0.916595
0.419292     -0.907852
0.438575     -0.898695
0.457659     -0.889128
0.476534     -0.879156
0.495192     -0.868784
0.513624     -0.858016
0.531822     -0.846856
0.549778     -0.835311
0.567483     -0.823385
0.584929     -0.811084
0.602109     -0.798414
0.619015     -0.785379
0.635639     -0.771987
0.651973     -0.758243
0.668009     -0.744153
0.683742     -0.729724
0.699163     -0.714963
0.714265     -0.699876
0.729042     -0.684469
0.743486     -0.668751
0.757592     -0.652729
0.771352     -0.636408
0.784761     -0.619798
0.797813     -0.602906
0.8105     -0.585738
0.822819     -0.568304
0.834762     -0.550611
0.846325     -0.532666
0.857503     -0.514479
0.868289     -0.496058
0.87868     -0.477411
0.888671     -0.458546
0.898257     -0.439472
0.907433     -0.420197
0.916196     -0.400732
0.924541     -0.381083
0.932465     -0.361261
0.939964     -0.341275
0.947034     -0.321133
0.953673     -0.300844
0.959878     -0.280418
0.965645     -0.259865
0.970972     -0.239193
0.975857     -0.218413
0.980296     -0.197532
0.98429     -0.176562
0.987834     -0.155511
0.990929     -0.134389
0.993571     -0.113207
0.995762     -0.0919721
0.997498     -0.0706957
0.99878     -0.0493871
0.999606     -0.028056
0.999977     -0.00671209
0.999893     0.0146349
0.999353     0.0359752
0.998357     0.0572991
0.996906     0.0785968
0.995002     0.0998588
0.992643     0.121075
0.989833     0.142237
0.986571     0.163333
0.98286     0.184355
0.978701     0.205293
0.974095     0.226138
0.969046     0.246879
0.963556     0.267508
0.957626     0.288015
0.95126     0.308391
0.94446     0.328626
0.93723     0.348711
0.929573     0.368638
0.921492     0.388397
0.912992     0.407978
0.904075     0.427374
0.894746     0.446575
0.88501     0.465572
0.87487     0.484357
0.864332     0.502922
0.8534     0.521257
0.842078     0.539355
0.830374     0.557207
0.81829     0.574805
0.805834     0.592142
0.793011     0.609208
0.779826     0.625997
0.766286     0.6425
0.752396     0.658711
0.738164     0.674621
0.723596     0.690224
0.708697     0.705513
0.693476     0.72048
0.677939     0.735119
0.662092     0.749422
0.645944     0.763385
0.629502     0.776999
0.612773     0.790259
0.595765     0.803159
0.578485     0.815693
0.560941     0.827856
0.543142     0.839641
0.525095     0.851044
0.506809     0.862058
0.488293     0.87268
0.469553     0.882904
0.4506     0.892726
0.431441     0.902141
0.412086     0.911145
0.392543     0.919734
0.372821     0.927904
0.352929     0.93565
0.332876     0.942971
0.312672     0.949861
0.292325     0.956319
0.271845     0.962341
0.251241     0.967925
0.230522     0.973067
0.209699     0.977766
0.18878     0.98202
0.167774     0.985826
0.146693     0.989182
0.125545     0.992088
0.104339     0.994542
0.0830857     0.996543
0.0617947     0.998089
0.0404755     0.999181
0.0191379     0.999817
-0.00220846     0.999998
-0.0235538     0.999723
-0.0448884     0.998992
-0.0662026     0.997807
-0.0874866     0.996166
-0.108731     0.994072
-0.129925     0.991524
-0.151061     0.988525
-0.172127     0.985075
-0.193115     0.981176
-0.214015     0.976831
-0.234818     0.97204
-0.255513     0.966806
-0.276093     0.961131
-0.296546     0.955019
-0.316864     0.948471
-0.337038     0.941492
-0.357058     0.934083
-0.376915     0.926248
-0.396601     0.917991
-0.416106     0.909316
-0.435422     0.900227
-0.454538     0.890728
-0.473448     0.880822
-0.492142     0.870515
-0.510612     0.859812
-0.528849     0.848716
-0.546845     0.837234
-0.564592     0.82537
-0.582082     0.813131
-0.599306     0.80052
-0.616258     0.787545
-0.632928     0.774211
-0.64931     0.760524
-0.665396     0.746491
-0.681179     0.732118
-0.696652     0.71741
-0.711807     0.702376
-0.726637     0.687022
-0.741137     0.671355
-0.755299     0.655382
-0.769116     0.63911
-0.782583     0.622547
-0.795694     0.6057
-0.808442     0.588577
-0.820821     0.571186
-0.832827     0.553535
-0.844453     0.535631
-0.855694     0.517484
-0.866545     0.4991
-0.877001     0.480489
-0.887058     0.461659
-0.89671     0.442619
-0.905954     0.423377
-0.914785     0.403942
-0.923199     0.384324
-0.931192     0.364529
-0.938761     0.344569
-0.945903     0.324452
-0.952613     0.304187
-0.958889     0.283783
-0.964728     0.26325
-0.970128     0.242597
-0.975085     0.221834
-0.979598     0.200969
-0.983665     0.180013
-0.987283     0.158975
-0.990452     0.137864
-0.993169     0.116691
-0.995433     0.0954641
-0.997244     0.0741939
-0.998601     0.0528899
-0.999502     0.0315619
-0.999948     0.0102194
-0.999939     -0.0111277
-0.999473     -0.0324697
-0.998552     -0.053797
-0.997177     -0.0750997
-0.995346     -0.0963682
-0.993062     -0.117593
-0.990326     -0.138764
-0.987138     -0.159872
-0.983501     -0.180906
-0.979415     -0.201859
-0.974883     -0.222719
-0.969907     -0.243478
-0.964489     -0.264126
-0.958631     -0.284654
-0.952336     -0.305052
-0.945608     -0.325311
-0.938448     -0.345422
-0.930861     -0.365375
-0.92285     -0.385162
-0.914418     -0.404773
-0.905569     -0.4242
-0.896308     -0.443434
-0.886638     -0.462465
-0.876564     -0.481286
-0.866091     -0.499887
-0.855223     -0.518261
-0.843966     -0.536398
-0.832324     -0.554291
-0.820302     -0.571931
-0.807907     -0.589311
-0.795143     -0.606422
-0.782018     -0.623257
-0.768535     -0.639808
-0.754703     -0.656067
-0.740527     -0.672028
-0.726013     -0.687682
-0.711168     -0.703022
-0.696     -0.718043
-0.680514     -0.732736
-0.664718     -0.747095
-0.648619     -0.761114
-0.632224     -0.774786
-0.615542     -0.788105
-0.598579     -0.801064
-0.581343     -0.813659
-0.563842     -0.825883
-0.546085     -0.837731
-0.528078     -0.849196
-0.509831     -0.860275
-0.491351     -0.870962
-0.472648     -0.881252
-0.453729     -0.89114
-0.434604     -0.900622
-0.41528     -0.909694
-0.395767     -0.918351
-0.376074     -0.92659
-0.356209     -0.934407
-0.336182     -0.941797
-0.316002     -0.948759
-0.295678     -0.955288
-0.275219     -0.961382
-0.254635     -0.967038
-0.233935     -0.972253
-0.213128     -0.977025
-0.192224     -0.981351
-0.171232     -0.985231
-0.150163     -0.988662
-0.129025     -0.991642
-0.107828     -0.99417
-0.0865817     -0.996245
-0.0652962     -0.997866
-0.043981     -0.999033
-0.0226457     -0.999744
-0.00130013     -0.999999
0.0200461     -0.999799
0.0413831     -0.999144
0.0627013     -0.998033
0.0839909     -0.996467
0.105242     -0.994447
0.126446     -0.991974
0.147591     -0.989049
0.16867     -0.985673
0.189672     -0.981848
0.210587     -0.977575
0.231406     -0.972857
0.25212     -0.967696
0.272719     -0.962094
0.293193     -0.956053
0.313534     -0.949577
0.333732     -0.942668
0.353779     -0.935329
0.373663     -0.927565
0.393378     -0.919377
0.412913     -0.910771
0.43226     -0.901749
0.45141     -0.892317
0.470355     -0.882477
0.489085     -0.872236
0.507592     -0.861598
0.525868     -0.850566
0.543904     -0.839147
0.561693     -0.827346
0.579225     -0.815168
0.596494     -0.802618
0.613491     -0.789702
0.630208     -0.776427
0.646638     -0.762797
0.662773     -0.748821
0.678606     -0.734502
0.69413     -0.71985
0.709338     -0.704869
0.724222     -0.689567
0.738777     -0.67395
0.752994     -0.658027
0.766869     -0.641804
0.780394     -0.625288
0.793564     -0.608487
0.806372     -0.591409
0.818812     -0.574062
0.830879     -0.556453
0.842568     -0.53859
0.853873     -0.520482
0.864788     -0.502137
0.87531     -0.483563
0.885432     -0.464768
0.895152     -0.445762
0.904463     -0.426552
0.913362     -0.407149
0.921845     -0.387559
0.929908     -0.367793
0.937547     -0.34786
0.944758     -0.327768
0.95154     -0.307527
0.957887     -0.287145
0.963798     -0.266633
0.96927     -0.245999
0.9743     -0.225253
0.978887     -0.204404
0.983027     -0.183462
0.986719     -0.162437
0.989961     -0.141337
0.992753     -0.120174
0.995092     -0.098955
0.996977     -0.0776913
0.998409     -0.0563922
0.999385     -0.0350674
0.999906     -0.0137266
0.999971     0.0076204
0.99958     0.028964
0.998734     0.0502943
0.997433     0.0716017
0.995678     0.0928765
0.993468     0.114109
0.990806     0.13529
0.987692     0.156408
0.984129     0.177456
0.980117     0.198423
0.975658     0.219299
0.970754     0.240075
0.965408     0.260742
0.959623     0.28129
0.9534     0.30171
0.946742     0.321993
0.939653     0.342128
0.932136     0.362108
0.924194     0.381923
0.915831     0.401564
0.907051     0.421021
0.897857     0.440287
0.888254     0.459353
0.878246     0.478208
0.867838     0.496846
0.857035     0.515258
0.845841     0.533435
0.834262     0.551369
0.822302     0.569051
0.809968     0.586474
0.797265     0.60363
0.784198     0.620511
0.770774     0.637109
0.756999     0.653417
0.742878     0.669427
0.72842     0.685131
0.713629     0.700524
0.698513     0.715598
0.683079     0.730345
0.667333     0.744759
0.651284     0.758835
0.634937     0.772564
0.618301     0.785941
0.601384     0.79896
0.584192     0.811615
0.566735     0.823901
0.549019     0.83581
0.531052     0.847339
0.512844     0.858482
0.494402     0.869233
0.475735     0.879589
0.456851     0.889543
0.437759     0.899093
0.418467     0.908232
0.398985     0.916958
0.379321     0.925266
0.359484     0.933152
0.339483     0.940613
0.319327     0.947645
0.299026     0.954245
0.278589     0.960411
0.258024     0.966139
0.237342     0.971426
0.216552     0.976271
0.195664     0.980671
0.174686     0.984624
0.153628     0.988129
0.132501     0.991183
0.111313     0.993786
0.0900743     0.995935
0.0687946     0.997631
0.0474836     0.998872
0.026151     0.999658
0.00480643     0.999989
-0.0165403     0.999863
-0.0378795     0.999283
-0.0592015     0.998246
-0.0804965     0.996755
-0.101755     0.99481
-0.122967     0.992411
-0.144123     0.98956
-0.165213     0.986258
-0.186228     0.982507
-0.207158     0.978308
-0.227993     0.973663
-0.248725     0.968574
-0.269344     0.963045
-0.289839     0.957076
-0.310203     0.950671
-0.330425     0.943833
-0.350497     0.936564
-0.370409     0.928869
-0.390152     0.920751
-0.409717     0.912213
-0.429096     0.903259
-0.448279     0.893894
-0.467258     0.884122
-0.486024     0.873946
-0.504568     0.863372
-0.522883     0.852405
-0.540959     0.84105
-0.558789     0.829311
-0.576364     0.817194
-0.593676     0.804705
-0.610718     0.791849
-0.627481     0.778632
-0.643959     0.765061
-0.660143     0.75114
-0.676027     0.736878
-0.691602     0.72228
-0.706862     0.707352
-0.7218     0.692102
-0.736409     0.676537
-0.750683     0.660664
-0.764614     0.644489
-0.778197     0.628021
-0.791425     0.611267
-0.804293     0.594234
-0.816794     0.57693
-0.828923     0.559363
-0.840674     0.541542
-0.852043     0.523473
-0.863022     0.505167
-0.873609     0.486629
-0.883798     0.467871
-0.893583     0.448899
-0.902962     0.429722
-0.911929     0.41035
-0.92048     0.39079
-0.928612     0.371053
-0.936321     0.351146
-0.943603     0.331079
-0.950456     0.310862
-0.956875     0.290503
-0.962858     0.270011
-0.968402     0.249397
-0.973505     0.228668
-0.978164     0.207836
-0.982378     0.186909
-0.986144     0.165897
-0.98946     0.144809
-0.992326     0.123655
-0.994739     0.102445
-0.996699     0.0811876
-0.998205     0.0598937
-0.999256     0.0385725
-0.999852     0.0172337
-0.999992     -0.004113
-0.999676     -0.0254578
-0.998905     -0.046791
-0.997679     -0.0681028
-0.995998     -0.0893836
-0.993863     -0.110624
-0.991275     -0.131813
-0.988236     -0.152943
-0.984746     -0.174003
-0.980807     -0.194984
-0.976422     -0.215875
-0.971591     -0.236669
-0.966318     -0.257354
-0.960604     -0.277923
-0.954453     -0.298364
-0.947866     -0.31867
-0.940848     -0.33883
-0.933401     -0.358836
-0.925529     -0.378679
-0.917235     -0.398349
-0.908523     -0.417837
-0.899396     -0.437135
-0.88986     -0.456234
-0.879919     -0.475125
-0.869577     -0.493799
-0.858838     -0.512249
-0.847708     -0.530465
-0.836191     -0.548439
-0.824294     -0.566163
-0.812021     -0.583629
-0.799378     -0.60083
-0.78637     -0.617756
-0.773005     -0.634401
-0.759287     -0.650757
-0.745223     -0.666817
-0.730819     -0.682572
-0.716082     -0.698016
-0.701019     -0.713143
-0.685637     -0.727944
-0.669942     -0.742414
-0.653942     -0.756545
-0.637644     -0.770332
-0.621055     -0.783767
-0.604184     -0.796846
-0.587036     -0.809561
-0.569622     -0.821907
-0.551948     -0.833879
-0.534022     -0.845471
-0.515853     -0.856678
-0.497449     -0.867494
-0.478818     -0.877915
-0.459969     -0.887935
-0.440911     -0.897551
-0.421651     -0.906759
-0.4022     -0.915552
-0.382565     -0.923929
-0.362755     -0.931885
-0.342781     -0.939416
-0.32265     -0.946519
-0.302372     -0.95319
-0.281957     -0.959428
-0.261413     -0.965228
-0.240749     -0.970588
-0.219976     -0.975506
-0.199103     -0.979979
-0.178139     -0.984006
-0.157094     -0.987584
-0.135978     -0.990712
-0.114799     -0.993389
-0.0935681     -0.995613
-0.0722945     -0.997384
-0.050988     -0.9987
-0.0296582     -0.99956
-0.00831495     -0.999966
0.0130321     -0.999915
0.0343732     -0.999409
0.0556987     -0.998448
0.0769988     -0.997031
0.0982638     -0.995161
0.119484     -0.992836
0.14065     -0.99006
0.161751     -0.986832
0.182779     -0.983154
0.203724     -0.979029
0.224576     -0.974457
0.245325     -0.969441
0.265963     -0.963983
0.28648     -0.958087
0.306865     -0.951753
0.327112     -0.944986
0.347209     -0.937788
0.367147     -0.930163
0.386919     -0.922114
0.406514     -0.913645
0.425924     -0.904759
0.44514     -0.895461
0.464153     -0.885755
0.482954     -0.875646
0.501536     -0.865137
0.519889     -0.854234
0.538005     -0.842942
0.555875     -0.831266
0.573493     -0.819211
0.590849     -0.806782
0.607936     -0.793986
0.624746     -0.780828
0.641271     -0.767315
0.657504     -0.753451
0.673437     -0.739245
0.689063     -0.724701
0.704376     -0.709827
0.719367     -0.69463
0.734031     -0.679116
0.74836     -0.663293
0.762348     -0.647167
0.775989     -0.630747
0.789276     -0.614039
0.802203     -0.597051
0.814765     -0.579792
0.826955     -0.562268
0.838769     -0.544487
0.850201     -0.526459
0.861245     -0.508191
0.871896     -0.489691
0.88215     -0.470968
0.892003     -0.45203
0.901448     -0.432887
0.910483     -0.413546
0.919103     -0.394016
0.927305     -0.374308
0.935083     -0.354428
0.942436     -0.334387
0.949359     -0.314194
0.955849     -0.293857
0.961904     -0.273387
0.967521     -0.252792
0.972696     -0.232082
0.977429     -0.211266
0.981716     -0.190353
0.985555     -0.169355
0.988946     -0.148278
0.991885     -0.127135
0.994373     -0.105933
0.996408     -0.084683
0.997989     -0.0633945
0.999114     -0.0420771
0.999785     -0.0207405
1     0.000605558
0.999759     0.0219513
0.999063     0.0432871
0.997911     0.0646031
0.996305     0.0858897
0.994244     0.107137
0.991731     0.128336
0.988765     0.149476
0.985349     0.170548
0.981484     0.191542
0.977172     0.212449
0.972415     0.23326
0.967214     0.253964
0.961572     0.274552
0.955493     0.295015
0.948978     0.315343
0.94203     0.335528
0.934653     0.35556
0.926851     0.37543
0.918626     0.395129
0.909982     0.414648
0.900923     0.433978
0.891455     0.45311
0.881579     0.472036
0.871302     0.490746
0.860628     0.509233
0.849562     0.527488
0.838109     0.545503
0.826274     0.563269
0.814062     0.580778
0.801479     0.598022
0.788531     0.614995
0.775224     0.631686
0.761564     0.64809
0.747556     0.664199
0.733208     0.680005
0.718525     0.695501
0.703516     0.71068
0.688185     0.725535
0.672541     0.74006
0.656591     0.754247
0.640341     0.768091
0.6238     0.781585
0.606974     0.794722
0.589871     0.807497
0.5725     0.819905
0.554868     0.831938
0.536983     0.843593
0.518854     0.854863
0.500488     0.865744
0.481894     0.87623
0.46308     0.886317
0.444055     0.896
0.424828     0.905274
0.405407     0.914136
0.385802     0.922582
0.366021     0.930607
0.346073     0.938208
0.325967     0.945381
0.305713     0.952124
0.285319     0.958433
0.264795     0.964305
0.244151     0.969737
0.223395     0.974728
0.202538     0.979275
0.181588     0.983375
0.160556     0.987027
0.139451     0.990229
0.118281     0.99298
0.0970584     0.995279
0.0757912     0.997124
0.0544894     0.998515
0.0331628     0.99945
0.0118211     0.99993
-0.00952601     0.999955
-0.0308688     0.999524
-0.0521975     0.998637
-0.0735024     0.997295
-0.0947738     0.995499
-0.116002     0.993249
-0.137177     0.990547
-0.15829     0.987393
-0.179331     0.983789
-0.20029     0.979737
-0.221158     0.975238
-0.241925     0.970295
-0.262581     0.96491
-0.283118     0.959085
-0.303526     0.952823
-0.323796     0.946127
-0.343918     0.939
-0.363884     0.931445
-0.383683     0.923465
-0.403308     0.915065
-0.422749     0.906247
-0.441997     0.897017
-0.461044     0.887378
-0.479881     0.877334
-0.498499     0.866891
-0.51689     0.856052
-0.535046     0.844824
-0.552957     0.83321
-0.570617     0.821217
-0.588017     0.808849
-0.605148     0.796113
-0.622004     0.783015
-0.638576     0.769559
-0.654858     0.755753
-0.670841     0.741602
-0.686518     0.727113
-0.701883     0.712293
-0.716927     0.697149
-0.731645     0.681686
-0.74603     0.665913
-0.760074     0.649837
-0.773772     0.633465
-0.787118     0.616803
-0.800105     0.599861
-0.812727     0.582645
-0.824979     0.565164
-0.836855     0.547426
-0.84835     0.529438
-0.859458     0.511208
-0.870174     0.492746
-0.880494     0.474059
-0.890412     0.455156
-0.899925     0.436046
-0.909028     0.416737
-0.917716     0.397238
-0.925987     0.377558
-0.933835     0.357706
-0.941258     0.337691
-0.948252     0.317522
-0.954813     0.297208
-0.96094     0.276759
-0.966629     0.256184
-0.971877     0.235492
-0.976682     0.214693
-0.981043     0.193796
-0.984956     0.17281
-0.98842     0.151746
-0.991434     0.130613
-0.993996     0.10942
-0.996105     0.0881773
-0.997761     0.0668945
-0.998961     0.0455811
-0.999707     0.024247
-0.999996     0.0029019
-0.99983     -0.0184446
-0.999209     -0.0397826
-0.998132     -0.0611026
-0.9966     -0.0823947
-0.994614     -0.103649
-0.992175     -0.124857
-0.989284     -0.146007
-0.985942     -0.167091
-0.982151     -0.188099
-0.977912     -0.209021
-0.973227     -0.229847
-0.968099     -0.250569
-0.96253     -0.271177
-0.956522     -0.291661
-0.950078     -0.312013
-0.943202     -0.332222
-0.935895     -0.35228
-0.928162     -0.372177
-0.920006     -0.391905
-0.911431     -0.411454
-0.902441     -0.430815
-0.893039     -0.449981
-0.88323     -0.468941
-0.873019     -0.487687
-0.86241     -0.506211
-0.851408     -0.524505
-0.840018     -0.54256
-0.828245     -0.560367
-0.816095     -0.577919
-0.803573     -0.595207
-0.790684     -0.612225
-0.777436     -0.628963
-0.763833     -0.645415
-0.749882     -0.661572
-0.735589     -0.677429
-0.720961     -0.692976
-0.706005     -0.708208
-0.690727     -0.723117
-0.675134     -0.737696
-0.659233     -0.751939
-0.643032     -0.76584
-0.626538     -0.779391
-0.609758     -0.792588
-0.592701     -0.805423
-0.575373     -0.817891
-0.557784     -0.829987
-0.53994     -0.841704
-0.52185     -0.853038
-0.503522     -0.863983
-0.484965     -0.874534
-0.466187     -0.884687
-0.447196     -0.894436
-0.428002     -0.903778
-0.408612     -0.912709
-0.389036     -0.921223
-0.369283     -0.929317
-0.349362     -0.936988
-0.329282     -0.944232
-0.309051     -0.951046
-0.28868     -0.957426
-0.268177     -0.96337
-0.247552     -0.968875
-0.226814     -0.973938
-0.205973     -0.978558
-0.185038     -0.982732
-0.164018     -0.986458
-0.142924     -0.989734
-0.121765     -0.992559
-0.10055     -0.994932
-0.0792892     -0.996852
-0.0579925     -0.998317
-0.0366693     -0.999328
-0.0153294     -0.999883
0.00601753     -0.999982
0.0273617     -0.999626
0.0486933     -0.998814
0.0700028     -0.997547
0.0912804     -0.995825
0.112516     -0.99365
0.133701     -0.991022
0.154825     -0.987942
0.175878     -0.984412
0.196851     -0.980434
0.217735     -0.976008
0.238519     -0.971138
0.259194     -0.965825
0.279752     -0.960073
0.300181     -0.953882
0.320475     -0.947257
0.340622     -0.940201
0.360613     -0.932716
0.380441     -0.924805
0.400095     -0.916474
0.419567     -0.907725
0.438847     -0.898562
0.457928     -0.888989
0.4768     -0.879012
0.495455     -0.868634
0.513884     -0.85786
0.532078     -0.846695
0.55003     -0.835145
0.567732     -0.823214
0.585175     -0.810907
0.602351     -0.798231
0.619253     -0.785192
0.635872     -0.771794
0.652202     -0.758045
0.668235     -0.743951
0.683963     -0.729517
0.699379     -0.714751
0.714477     -0.699659
0.729249     -0.684249
0.743689     -0.668526
0.757789     -0.652499
0.771545     -0.636175
0.784949     -0.619561
0.797995     -0.602664
0.810678     -0.585493
0.822991     -0.568055
0.834929     -0.550358
0.846487     -0.53241
0.857659     -0.51422
0.86844     -0.495795
0.878825     -0.477144
0.88881     -0.458276
0.89839     -0.4392
0.90756     -0.419923
0.916317     -0.400454
0.924656     -0.380803
0.932574     -0.360979
0.940067     -0.34099
0.947131     -0.320846
0.953764     -0.300555
0.959963     -0.280128
0.965724     -0.259573
0.971044     -0.238899
0.975923     -0.218117
0.980356     -0.197235
0.984343     -0.176264
0.987881     -0.155212
0.990969     -0.134089
0.993606     -0.112906
0.995789     -0.0916706
0.997519     -0.0703937
0.998795     -0.0490847
0.999615     -0.0277533
0.999979     -0.00640932
0.999888     0.0149376
0.999342     0.0362777
0.99834     0.0576013
0.996883     0.0788987
0.994971     0.10016
0.992607     0.121376
0.98979     0.142536
0.986521     0.163632
0.982804     0.184653
0.978638     0.205589
0.974027     0.226432
0.968972     0.247172
0.963475     0.2678
0.957539     0.288305
0.951166     0.308679
0.944361     0.328912
0.937125     0.348995
0.929461     0.368919
0.921375     0.388676
0.912868     0.408255
0.903946     0.427648
0.894611     0.446846
0.884869     0.46584
0.874724     0.484622
0.86418     0.503184
0.853242     0.521516
0.841915     0.53961
0.830205     0.557459
0.818116     0.575053
0.805655     0.592385
0.792826     0.609448
0.779636     0.626233
0.766091     0.642732
0.752197     0.658939
0.73796     0.674845
0.723387     0.690443
0.708484     0.705727
0.693258     0.72069
0.677716     0.735324
0.661865     0.749623
0.645713     0.76358
0.629267     0.777189
0.612534     0.790445
0.595521     0.80334
0.578238     0.815869
0.56069     0.828026
0.542888     0.839805
0.524838     0.851202
0.506548     0.862212
0.488028     0.872828
0.469286     0.883047
0.450329     0.892863
0.431168     0.902272
0.41181     0.91127
0.392264     0.919853
0.37254     0.928016
0.352645     0.935757
0.332591     0.943072
0.312384     0.949956
0.292035     0.956408
0.271553     0.962424
0.250948     0.968001
0.230228     0.973137
0.209403     0.97783
0.188482     0.982077
0.167476     0.985876
0.146393     0.989227
0.125244     0.992126
0.104038     0.994574
0.082784     0.996568
0.0614925     0.998108
0.040173     0.999193
0.0188352     0.999823
-0.00251124     0.999997
-0.0238565     0.999716
-0.0451909     0.998979
-0.0665047     0.997786
-0.0877882     0.996139
-0.109032     0.994039
-0.130225     0.991485
-0.15136     0.988479
-0.172425     0.985023
-0.193412     0.981118
-0.214311     0.976766
-0.235112     0.971969
-0.255806     0.966728
-0.276384     0.961048
-0.296835     0.954929
-0.317151     0.948375
-0.337323     0.941389
-0.357341     0.933974
-0.377196     0.926134
-0.396879     0.917871
-0.416381     0.90919
-0.435694     0.900095
-0.454808     0.89059
-0.473715     0.880679
-0.492406     0.870366
-0.510872     0.859657
-0.529106     0.848556
-0.547099     0.837069
-0.564842     0.8252
-0.582328     0.812954
-0.599549     0.800339
-0.616496     0.787359
-0.633162     0.77402
-0.64954     0.760328
-0.665622     0.74629
-0.681401     0.731911
-0.696869     0.717199
-0.712019     0.702161
-0.726845     0.686802
-0.74134     0.67113
-0.755497     0.655153
-0.76931     0.638877
-0.782772     0.62231
-0.795877     0.605459
-0.80862     0.588332
-0.820994     0.570938
-0.832994     0.553283
-0.844615     0.535376
-0.85585     0.517225
-0.866696     0.498838
-0.877147     0.480224
-0.887198     0.461391
-0.896844     0.442348
-0.906082     0.423103
-0.914907     0.403665
-0.923315     0.384044
-0.931303     0.364247
-0.938866     0.344285
-0.946001     0.324166
-0.952705     0.303899
-0.958975     0.283493
-0.964808     0.262958
-0.970201     0.242304
-0.975152     0.221539
-0.979659     0.200673
-0.983719     0.179715
-0.987331     0.158676
-0.990493     0.137564
-0.993204     0.11639
-0.995462     0.0951627
-0.997267     0.073892
-0.998617     0.0525876
-0.999512     0.0312592
-0.999951     0.00991666
-0.999935     -0.0114305
-0.999463     -0.0327723
-0.998536     -0.0540993
-0.997154     -0.0754016
-0.995317     -0.0966696
-0.993027     -0.117893
-0.990284     -0.139064
-0.98709     -0.16017
-0.983446     -0.181204
-0.979354     -0.202156
-0.974816     -0.223015
-0.969833     -0.243772
-0.964409     -0.264419
-0.958545     -0.284944
-0.952244     -0.30534
-0.945509     -0.325597
-0.938343     -0.345706
-0.93075     -0.365657
-0.922733     -0.385441
-0.914295     -0.40505
-0.905441     -0.424474
-0.896174     -0.443705
-0.886498     -0.462733
-0.876419     -0.481551
-0.86594     -0.500149
-0.855066     -0.51852
-0.843803     -0.536654
-0.832156     -0.554543
-0.820129     -0.57218
-0.807728     -0.589556
-0.79496     -0.606663
-0.781829     -0.623494
-0.768342     -0.640041
-0.754504     -0.656296
-0.740323     -0.672252
-0.725805     -0.687902
-0.710955     -0.703238
-0.695782     -0.718254
-0.680292     -0.732942
-0.664492     -0.747296
-0.648388     -0.76131
-0.63199     -0.774977
-0.615303     -0.788291
-0.598336     -0.801246
-0.581097     -0.813835
-0.563592     -0.826054
-0.545831     -0.837896
-0.527821     -0.849356
-0.50957     -0.860429
-0.491088     -0.871111
-0.472381     -0.881395
-0.453459     -0.891277
-0.434331     -0.900754
-0.415005     -0.90982
-0.395489     -0.918471
-0.375793     -0.926704
-0.355926     -0.934514
-0.335897     -0.941899
-0.315715     -0.948854
-0.295389     -0.955377
-0.274928     -0.961465
-0.254342     -0.967115
-0.23364     -0.972323
-0.212832     -0.977089
-0.191927     -0.98141
-0.170934     -0.985283
-0.149863     -0.988707
-0.128724     -0.991681
-0.107527     -0.994203
-0.08628     -0.996271
-0.0649941     -0.997886
-0.0436785     -0.999046
-0.022343     -0.999751
-0.000997352     -1
0.0203488     -0.999793
0.0416856     -0.999131
0.0630035     -0.998014
0.0842926     -0.996441
0.105543     -0.994415
0.126746     -0.991935
0.147891     -0.989004
0.168968     -0.985622
0.189969     -0.98179
0.210883     -0.977512
0.231701     -0.972787
0.252413     -0.96762
0.27301     -0.962011
0.293483     -0.955965
0.313822     -0.949482
0.334018     -0.942567
0.354062     -0.935222
0.373944     -0.927451
0.393656     -0.919258
0.413189     -0.910646
0.432533     -0.901618
0.451681     -0.89218
0.470622     -0.882335
0.489349     -0.872088
0.507853     -0.861444
0.526126     -0.850407
0.544159     -0.838983
0.561943     -0.827176
0.579472     -0.814992
0.596737     -0.802437
0.61373     -0.789516
0.630443     -0.776236
0.646869     -0.762602
0.663     -0.74862
0.678828     -0.734297
0.694348     -0.719639
0.709551     -0.704654
0.724431     -0.689347
0.738981     -0.673727
0.753194     -0.657799
0.767063     -0.641572
0.780583     -0.625052
0.793748     -0.608247
0.806551     -0.591165
0.818986     -0.573814
0.831048     -0.556201
0.842731     -0.538335
0.85403     -0.520223
0.86494     -0.501875
0.875456     -0.483298
0.885573     -0.4645
0.895287     -0.445491
0.904592     -0.426279
0.913485     -0.406872
0.921962     -0.38728
0.930019     -0.367512
0.937652     -0.347576
0.944857     -0.327482
0.951633     -0.307238
0.957974     -0.286855
0.963879     -0.266341
0.969345     -0.245705
0.974369     -0.224958
0.978948     -0.204108
0.983082     -0.183165
0.986768     -0.162138
0.990004     -0.141038
0.992789     -0.119873
0.995122     -0.0986537
0.997001     -0.0773894
0.998426     -0.0560899
0.999396     -0.0347648
0.99991     -0.0134239
0.999969     0.00792317
0.999572     0.0292666
0.998719     0.0505967
0.997412     0.0719037
0.995649     0.093178
0.993434     0.11441
0.990765     0.13559
0.987645     0.156707
0.984075     0.177754
0.980056     0.198719
0.975591     0.219594
0.970682     0.240369
0.96533     0.261034
0.959538     0.281581
0.953308     0.301999
0.946645     0.322279
0.93955     0.342413
0.932026     0.36239
0.924079     0.382203
0.91571     0.401841
0.906923     0.421296
0.897724     0.440559
0.888115     0.459621
0.878102     0.478474
0.867688     0.497109
0.856879     0.515518
0.84568     0.533691
0.834095     0.551621
0.82213     0.5693
0.80979     0.586719
0.797082     0.603871
0.78401     0.620748
0.770581     0.637342
0.756801     0.653646
0.742676     0.669651
0.728212     0.685352
0.713417     0.70074
0.698296     0.715809
0.682858     0.730552
0.667108     0.744961
0.651054     0.759032
0.634703     0.772756
0.618063     0.786128
0.601142     0.799142
0.583947     0.811792
0.566485     0.824072
0.548766     0.835976
0.530796     0.8475
0.512584     0.858637
0.494139     0.869383
0.475469     0.879733
0.456582     0.889682
0.437487     0.899225
0.418192     0.908359
0.398707     0.917078
0.37904     0.92538
0.359201     0.93326
0.339198     0.940715
0.31904     0.947741
0.298737     0.954336
0.278298     0.960495
0.257732     0.966217
0.237048     0.971498
0.216257     0.976337
0.195367     0.98073
0.174388     0.984677
0.153329     0.988175
0.132201     0.991223
0.111012     0.993819
0.0897728     0.995963
0.0684926     0.997652
0.0471812     0.998887
0.0258483     0.999666
0.00450366     0.99999
-0.0168431     0.999858
-0.0381821     0.999271
-0.0595037     0.998228
-0.0807983     0.996731
-0.102056     0.994779
-0.123267     0.992374
-0.144422     0.989516
-0.165511     0.986208
-0.186525     0.982451
-0.207454     0.978245
-0.228288     0.973594
-0.249018     0.968499
-0.269635     0.962963
-0.290129     0.956988
-0.310491     0.950577
-0.330711     0.943733
-0.35078     0.936458
-0.37069     0.928757
-0.390431     0.920633
-0.409993     0.912089
-0.429369     0.903129
-0.44855     0.893758
-0.467525     0.88398
-0.486288     0.873799
-0.50483     0.86322
-0.523141     0.852247
-0.541213     0.840886
-0.55904     0.829141
-0.576611     0.817019
-0.59392     0.804525
-0.610958     0.791664
-0.627717     0.778442
-0.644191     0.764866
-0.660371     0.75094
-0.67625     0.736673
-0.691821     0.72207
-0.707076     0.707138
-0.72201     0.691884
-0.736614     0.676314
-0.750883     0.660436
-0.764809     0.644258
-0.778387     0.627785
-0.79161     0.611027
-0.804473     0.59399
-0.816969     0.576683
-0.829093     0.559112
-0.840838     0.541287
-0.852201     0.523215
-0.863175     0.504905
-0.873756     0.486365
-0.883939     0.467603
-0.893719     0.448628
-0.903092     0.429449
-0.912053     0.410073
-0.920599     0.390511
-0.928725     0.370771
-0.936428     0.350863
-0.943704     0.330794
-0.95055     0.310574
-0.956963     0.290213
-0.962939     0.26972
-0.968477     0.249103
-0.973574     0.228374
-0.978227     0.20754
-0.982434     0.186611
-0.986194     0.165598
-0.989504     0.144509
-0.992363     0.123354
-0.99477     0.102143
-0.996724     0.0808858
-0.998223     0.0595914
-0.999268     0.0382699
-0.999857     0.0169309
-0.999991     -0.00441577
-0.999669     -0.0257605
-0.998891     -0.0470934
-0.997658     -0.0684049
-0.995971     -0.0896852
-0.993829     -0.110925
-0.991235     -0.132114
-0.988189     -0.153242
-0.984693     -0.174301
-0.980748     -0.195281
-0.976356     -0.216171
-0.971519     -0.236963
-0.96624     -0.257647
-0.96052     -0.278213
-0.954362     -0.298653
-0.94777     -0.318957
-0.940745     -0.339115
-0.933292     -0.359119
-0.925414     -0.378959
-0.917114     -0.398626
-0.908396     -0.418112
-0.899264     -0.437407
-0.889722     -0.456503
-0.879775     -0.475391
-0.869427     -0.494063
-0.858683     -0.512509
-0.847547     -0.530721
-0.836025     -0.548692
-0.824122     -0.566413
-0.811844     -0.583875
-0.799196     -0.601072
-0.786183     -0.617994
-0.772812     -0.634635
-0.75909     -0.650987
-0.745021     -0.667042
-0.730612     -0.682793
-0.715871     -0.698233
-0.700803     -0.713355
-0.685417     -0.728152
-0.669717     -0.742617
-0.653713     -0.756743
-0.637411     -0.770525
-0.620818     -0.783955
-0.603942     -0.797029
-0.586791     -0.809739
-0.569373     -0.82208
-0.551695     -0.834046
-0.533766     -0.845633
-0.515594     -0.856834
-0.497186     -0.867644
-0.478552     -0.878059
-0.4597     -0.888075
-0.440639     -0.897685
-0.421377     -0.906886
-0.401922     -0.915674
-0.382285     -0.924045
-0.362473     -0.931995
-0.342496     -0.93952
-0.322363     -0.946616
-0.302084     -0.953282
-0.281666     -0.959513
-0.26112     -0.965307
-0.240455     -0.970661
-0.219681     -0.975572
-0.198807     -0.980039
-0.177841     -0.984059
-0.156795     -0.987631
-0.135678     -0.990753
-0.114498     -0.993424
-0.0932666     -0.995641
-0.0719925     -0.997405
-0.0506856     -0.998715
-0.0293556     -0.999569
-0.00801218     -0.999968
0.0133349     -0.999911
0.0346758     -0.999399
0.056001     -0.998431
0.0773006     -0.997008
0.0985651     -0.995131
0.119785     -0.9928
0.140949     -0.990017
0.16205     -0.986783
0.183077     -0.983099
0.20402     -0.978967
0.224871     -0.974389
0.245619     -0.969367
0.266255     -0.963903
0.28677     -0.958
0.307154     -0.95166
0.327398     -0.944887
0.347493     -0.937683
0.367429     -0.930052
0.387198     -0.921997
0.406791     -0.913522
0.426198     -0.90463
0.445411     -0.895326
0.464421     -0.885615
0.48322     -0.875499
0.501798     -0.864985
0.520147     -0.854077
0.53826     -0.842779
0.556127     -0.831097
0.573741     -0.819037
0.591093     -0.806603
0.608176     -0.793802
0.624982     -0.780639
0.641503     -0.767121
0.657732     -0.753252
0.673661     -0.739041
0.689283     -0.724493
0.704591     -0.709614
0.719577     -0.694412
0.734236     -0.678894
0.748561     -0.663066
0.762544     -0.646937
0.77618     -0.630512
0.789462     -0.6138
0.802384     -0.596808
0.81494     -0.579545
0.827126     -0.562017
0.838934     -0.544233
0.85036     -0.526202
0.861398     -0.50793
0.872044     -0.489427
0.882293     -0.470701
0.892139     -0.45176
0.901579     -0.432614
0.910609     -0.41327
0.919223     -0.393738
0.927418     -0.374027
0.935191     -0.354145
0.942537     -0.334102
0.949454     -0.313906
0.955938     -0.293568
0.961987     -0.273096
0.967597     -0.252499
0.972767     -0.231787
0.977493     -0.21097
0.981773     -0.190056
0.985606     -0.169056
0.988991     -0.147979
0.991924     -0.126834
0.994405     -0.105632
0.996434     -0.0843813
0.998008     -0.0630923
0.999127     -0.0417746
0.999791     -0.0204378
1     0.000908337
0.999752     0.022254
0.99905     0.0435896
0.997891     0.0649053
0.996279     0.0861914
0.994212     0.107438
0.991692     0.128636
0.98872     0.149775
0.985298     0.170846
0.981426     0.191839
0.977108     0.212745
0.972344     0.233554
0.967137     0.254256
0.961489     0.274843
0.955403     0.295304
0.948882     0.315631
0.941928     0.335814
0.934546     0.355843
0.926737     0.375711
0.918506     0.395407
0.909856     0.414924
0.900792     0.434251
0.891317     0.45338
0.881436     0.472303
0.871154     0.49101
0.860474     0.509494
0.849403     0.527745
0.837944     0.545757
0.826103     0.563519
0.813886     0.581024
0.801298     0.598265
0.788345     0.615233
0.775033     0.631921
0.761367     0.648321
0.747355     0.664425
0.733002     0.680227
0.718315     0.695718
0.7033     0.710893
0.687965     0.725744
0.672317     0.740263
0.656362     0.754446
0.640108     0.768285
0.623563     0.781773
0.606733     0.794906
0.589627     0.807676
0.572252     0.820078
0.554616     0.832106
0.536728     0.843756
0.518595     0.85502
0.500226     0.865895
0.481628     0.876376
0.462811     0.886457
0.443784     0.896134
0.424554     0.905403
0.40513     0.914259
0.385523     0.922699
0.365739     0.930718
0.345788     0.938313
0.325681     0.94548
0.305424     0.952217
0.285029     0.958519
0.264503     0.964385
0.243857     0.969811
0.2231     0.974796
0.202242     0.979336
0.181291     0.98343
0.160257     0.987076
0.139151     0.990271
0.117981     0.993016
0.0967571     0.995308
0.0754893     0.997147
0.0541871     0.998531
0.0328602     0.99946
0.0115183     0.999934
-0.00982878     0.999952
-0.0311714     0.999514
-0.0524998     0.998621
-0.0738043     0.997273
-0.0950752     0.99547
-0.116303     0.993214
-0.137477     0.990505
-0.158589     0.987345
-0.179629     0.983735
-0.200587     0.979676
-0.221453     0.975171
-0.242218     0.970222
-0.262873     0.964831
-0.283409     0.959
-0.303815     0.952731
-0.324083     0.946029
-0.344203     0.938896
-0.364166     0.931335
-0.383963     0.923349
-0.403585     0.914943
-0.423023     0.906119
-0.442269     0.896883
-0.461313     0.887238
-0.480147     0.877189
-0.498762     0.86674
-0.517149     0.855896
-0.535301     0.844662
-0.55321     0.833043
-0.570866     0.821044
-0.588261     0.808671
-0.605389     0.79593
-0.622241     0.782826
-0.638809     0.769366
-0.655087     0.755554
-0.671065     0.741399
-0.686738     0.726905
-0.702098     0.712081
-0.717138     0.696932
-0.731852     0.681465
-0.746231     0.665688
-0.760271     0.649607
-0.773964     0.63323
-0.787305     0.616565
-0.800286     0.599619
-0.812903     0.582399
-0.82515     0.564915
-0.837021     0.547172
-0.84851     0.529181
-0.859612     0.510948
-0.870323     0.492482
-0.880637     0.473792
-0.89055     0.454886
-0.900057     0.435773
-0.909154     0.416461
-0.917837     0.39696
-0.926101     0.377277
-0.933943     0.357423
-0.94136     0.337406
-0.948348     0.317234
-0.954903     0.296919
-0.961024     0.276468
-0.966706     0.255891
-0.971948     0.235198
-0.976747     0.214397
-0.981101     0.193498
-0.985008     0.172512
-0.988466     0.151447
-0.991474     0.130313
-0.994029     0.109119
-0.996132     0.0878757
-0.997781     0.0665924
-0.998975     0.0452787
-0.999714     0.0239444
-0.999997     0.00259912
-0.999825     -0.0187473
-0.999197     -0.0400852
-0.998114     -0.0614048
-0.996575     -0.0826964
-0.994583     -0.10395
-0.992138     -0.125157
-0.98924     -0.146306
-0.985891     -0.167389
-0.982094     -0.188396
-0.977848     -0.209317
-0.973158     -0.230142
-0.968023     -0.250862
-0.962448     -0.271469
-0.956434     -0.291951
-0.949984     -0.3123
-0.943101     -0.332508
-0.935789     -0.352563
-0.92805     -0.372458
-0.919888     -0.392183
-0.911307     -0.41173
-0.90231     -0.431088
-0.892903     -0.450251
-0.883088     -0.469208
-0.872871     -0.487951
-0.862257     -0.506473
-0.851249     -0.524763
-0.839854     -0.542814
-0.828075     -0.560618
-0.81592     -0.578166
-0.803393     -0.595451
-0.790499     -0.612464
-0.777245     -0.629198
-0.763637     -0.645646
-0.749682     -0.661799
-0.735384     -0.677651
-0.720751     -0.693194
-0.70579     -0.708421
-0.690508     -0.723326
-0.67491     -0.7379
-0.659005     -0.752139
-0.6428     -0.766035
-0.626302     -0.779581
-0.609518     -0.792772
-0.592457     -0.805603
-0.575126     -0.818066
-0.557532     -0.830156
-0.539685     -0.841868
-0.521592     -0.853196
-0.503261     -0.864135
-0.4847     -0.874681
-0.465919     -0.884828
-0.446925     -0.894572
-0.427728     -0.903908
-0.408336     -0.912832
-0.388758     -0.921341
-0.369002     -0.929429
-0.349079     -0.937094
-0.328996     -0.944332
-0.308763     -0.951139
-0.28839     -0.957513
-0.267885     -0.963451
-0.247259     -0.96895
-0.226519     -0.974007
-0.205676     -0.97862
-0.18474     -0.982788
-0.163719     -0.986507
-0.142624     -0.989777
-0.121464     -0.992596
-0.100249     -0.994963
-0.0789874     -0.996876
-0.0576902     -0.998335
-0.0363667     -0.999339
-0.0150266     -0.999887
0.0063203     -0.99998
0.0276643     -0.999618
0.0489958     -0.998799
0.0703049     -0.997526
0.0915819     -0.995798
0.112817     -0.993616
0.134001     -0.990981
0.155124     -0.987895
0.176176     -0.984359
0.197148     -0.980374
0.21803     -0.975942
0.238813     -0.971066
0.259487     -0.965747
0.280042     -0.959988
0.30047     -0.953791
0.320761     -0.94716
0.340906     -0.940097
0.360896     -0.932606
0.380721     -0.92469
0.400372     -0.916353
0.419842     -0.907598
0.439119     -0.898429
0.458197     -0.888851
0.477066     -0.878868
0.495718     -0.868484
0.514143     -0.857704
0.532335     -0.846534
0.550283     -0.834978
0.567981     -0.823042
0.58542     -0.81073
0.602593     -0.798049
0.619491     -0.785004
0.636106     -0.771602
0.652432     -0.757848
0.66846     -0.743748
0.684184     -0.72931
0.699596     -0.714539
0.714689     -0.699443
0.729456     -0.684028
0.743891     -0.668301
0.757987     -0.65227
0.771738     -0.635941
0.785136     -0.619323
0.798178     -0.602422
0.810855     -0.585247
0.823163     -0.567805
0.835096     -0.550105
0.846648     -0.532154
0.857814     -0.51396
0.86859     -0.495532
0.878969     -0.476878
0.888948     -0.458007
0.898523     -0.438928
0.907687     -0.419648
0.916438     -0.400177
0.924771     -0.380523
0.932683     -0.360697
0.94017     -0.340705
0.947229     -0.320559
0.953855     -0.300266
0.960047     -0.279837
0.965802     -0.25928
0.971117     -0.238605
0.975989     -0.217822
0.980416     -0.196939
0.984396     -0.175966
0.987928     -0.154913
0.99101     -0.133789
0.99364     -0.112605
0.995817     -0.0913691
0.997541     -0.0700917
0.998809     -0.0487823
0.999623     -0.0274507
0.999981     -0.00610654
0.999884     0.0152404
0.999331     0.0365803
0.998322     0.0579036
0.996859     0.0792005
0.994941     0.100461
0.99257     0.121676
0.989746     0.142836
0.986472     0.16393
0.982748     0.18495
0.978576     0.205886
0.973958     0.226727
0.968897     0.247466
0.963394     0.268091
0.957451     0.288595
0.951073     0.308967
0.944261     0.329198
0.937019     0.349279
0.92935     0.369201
0.921257     0.388955
0.912744     0.408531
0.903816     0.427921
0.894476     0.447117
0.884728     0.466108
0.874577     0.484887
0.864027     0.503445
0.853084     0.521774
0.841752     0.539865
0.830036     0.55771
0.817942     0.575301
0.805475     0.592629
0.792642     0.609688
0.779447     0.626469
0.765897     0.642964
0.751997     0.659166
0.737756     0.675068
0.723177     0.690662
0.70827     0.705942
0.69304     0.7209
0.677493     0.735529
0.661638     0.749823
0.645482     0.763776
0.629032     0.77738
0.612294     0.79063
0.595278     0.80352
0.577991     0.816044
0.56044     0.828195
0.542633     0.83997
0.52458     0.851361
0.506287     0.862365
0.487764     0.872976
0.469018     0.883189
0.450059     0.892999
0.430895     0.902402
0.411534     0.911395
0.391986     0.919972
0.372259     0.928129
0.352362     0.935864
0.332305     0.943172
0.312096     0.950051
0.291746     0.956496
0.271262     0.962506
0.250654     0.968077
0.229933     0.973207
0.209107     0.977893
0.188185     0.982134
0.167177     0.985927
0.146094     0.989271
0.124944     0.992164
0.103737     0.994605
0.0824823     0.996593
0.0611903     0.998126
0.0398705     0.999205
0.0185324     0.999829
-0.00281401     0.999996
-0.0241592     0.999708
-0.0454934     0.998965
-0.0668068     0.997766
-0.0880898     0.996113
-0.109333     0.994006
-0.130526     0.991445
-0.151659     0.988433
-0.172724     0.984971
-0.193709     0.981059
-0.214607     0.976701
-0.235406     0.971897
-0.256099     0.966651
-0.276675     0.960964
-0.297124     0.954839
-0.317438     0.948279
-0.337608     0.941287
-0.357624     0.933866
-0.377476     0.92602
-0.397157     0.917751
-0.416657     0.909064
-0.435967     0.899963
-0.455078     0.890452
-0.473982     0.880535
-0.492669     0.870217
-0.511133     0.859502
-0.529363     0.848396
-0.547352     0.836903
-0.565092     0.825028
-0.582574     0.812778
-0.599791     0.800157
-0.616734     0.787172
-0.633397     0.773828
-0.64977     0.760131
-0.665848     0.746088
-0.681622     0.731705
-0.697086     0.716988
-0.712232     0.701945
-0.727053     0.686582
-0.741543     0.670906
-0.755695     0.654924
-0.769503     0.638644
-0.78296     0.622073
-0.79606     0.605218
-0.808798     0.588087
-0.821167     0.570689
-0.833162     0.55303
-0.844777     0.53512
-0.856007     0.516965
-0.866847     0.498575
-0.877292     0.479958
-0.887337     0.461122
-0.896978     0.442076
-0.90621     0.422829
-0.915029     0.403388
-0.923432     0.383764
-0.931413     0.363965
-0.93897     0.344001
-0.946099     0.323879
-0.952797     0.30361
-0.959061     0.283203
-0.964887     0.262666
-0.970274     0.24201
-0.975219     0.221243
-0.97972     0.200376
-0.983774     0.179417
-0.987379     0.158377
-0.990535     0.137264
-0.993239     0.116089
-0.995491     0.0948613
-0.997289     0.07359
-0.998633     0.0522852
-0.999521     0.0309566
-0.999954     0.00961389
-0.999932     -0.0117332
-0.999453     -0.033075
-0.99852     -0.0544016
-0.997131     -0.0757035
-0.995288     -0.0969709
-0.992991     -0.118194
-0.990242     -0.139363
-0.987041     -0.160469
-0.983391     -0.181502
-0.979293     -0.202452
-0.974748     -0.22331
-0.969759     -0.244066
-0.964329     -0.26471
-0.958458     -0.285235
-0.952151     -0.305629
-0.94541     -0.325884
-0.938239     -0.34599
-0.93064     -0.365939
-0.922616     -0.385721
-0.914172     -0.405327
-0.905312     -0.424748
-0.896039     -0.443976
-0.886358     -0.463002
-0.876273     -0.481816
-0.865788     -0.500411
-0.854909     -0.518778
-0.843641     -0.536909
-0.831988     -0.554795
-0.819956     -0.572428
-0.80755     -0.5898
-0.794776     -0.606904
-0.78164     -0.623731
-0.768148     -0.640273
-0.754306     -0.656524
-0.74012     -0.672476
-0.725596     -0.688121
-0.710742     -0.703453
-0.695565     -0.718464
-0.68007     -0.733148
-0.664265     -0.747498
-0.648158     -0.761507
-0.631755     -0.775169
-0.615065     -0.788477
-0.598094     -0.801427
-0.58085     -0.814011
-0.563342     -0.826224
-0.545577     -0.838061
-0.527564     -0.849516
-0.50931     -0.860584
-0.490824     -0.871259
-0.472114     -0.881538
-0.45319     -0.891415
-0.434058     -0.900885
-0.414729     -0.909945
-0.395211     -0.918591
-0.375513     -0.926818
-0.355644     -0.934622
-0.335612     -0.942001
-0.315428     -0.94895
-0.2951     -0.955467
-0.274637     -0.961548
-0.25405     -0.967192
-0.233346     -0.972394
-0.212536     -0.977154
-0.19163     -0.981468
-0.170636     -0.985335
-0.149564     -0.988752
-0.128424     -0.99172
-0.107226     -0.994235
-0.0859784     -0.996297
-0.0646919     -0.997906
-0.043376     -0.999059
-0.0220403     -0.999757
-0.000694574     -1
0.0206515     -0.999787
0.0419881     -0.999118
0.0633056     -0.997994
0.0845943     -0.996416
0.105844     -0.994383
0.127046     -0.991897
0.14819     -0.988959
0.169267     -0.985571
0.190266     -0.981733
0.211179     -0.977448
0.231995     -0.972717
0.252706     -0.967543
0.273301     -0.961929
0.293772     -0.955876
0.314109     -0.949387
0.334303     -0.942466
0.354345     -0.935115
0.374225     -0.927338
0.393935     -0.919139
0.413465     -0.91052
0.432806     -0.901487
0.451951     -0.892043
0.470889     -0.882193
0.489613     -0.87194
0.508114     -0.86129
0.526383     -0.850248
0.544413     -0.838818
0.562194     -0.827006
0.579719     -0.814817
0.59698     -0.802256
0.613969     -0.789331
0.630678     -0.776045
0.647099     -0.762406
0.663226     -0.748419
0.679051     -0.734091
0.694566     -0.719429
0.709765     -0.704439
0.72464     -0.689128
0.739185     -0.673503
0.753393     -0.657571
0.767258     -0.641339
0.780773     -0.624815
0.793932     -0.608007
0.80673     -0.590921
0.819159     -0.573566
0.831216     -0.555949
0.842894     -0.53808
0.854188     -0.519965
0.865092     -0.501613
0.875602     -0.483032
0.885714     -0.464232
0.895421     -0.44522
0.904721     -0.426005
0.913608     -0.406596
0.922079     -0.387001
0.93013     -0.36723
0.937757     -0.347292
0.944957     -0.327196
0.951726     -0.30695
0.958061     -0.286565
0.96396     -0.266049
0.969419     -0.245412
0.974437     -0.224663
0.97901     -0.203811
0.983138     -0.182867
0.986817     -0.161839
0.990047     -0.140738
0.992825     -0.119572
0.995152     -0.0983524
0.997024     -0.0770875
0.998443     -0.0557876
0.999406     -0.0344622
0.999914     -0.0131211
0.999966     0.00822594
0.999563     0.0295693
0.998704     0.0508991
0.99739     0.0722057
0.995621     0.0934795
0.993399     0.114711
0.990724     0.135889
0.987598     0.157006
0.984021     0.178052
0.979996     0.199016
0.975525     0.21989
0.970609     0.240663
0.96525     0.261327
0.959452     0.281871
0.953217     0.302287
0.946547     0.322566
0.939446     0.342697
0.931917     0.362673
0.923963     0.382482
0.915588     0.402118
0.906796     0.421571
0.89759     0.440831
0.887976     0.45989
0.877957     0.47874
0.867537     0.497372
0.856723     0.515777
0.845518     0.533947
0.833928     0.551874
0.821958     0.569549
0.809613     0.586965
0.796899     0.604113
0.783822     0.620986
0.770388     0.637575
0.756603     0.653875
0.742473     0.669876
0.728005     0.685572
0.713205     0.700956
0.69808     0.71602
0.682636     0.730758
0.666882     0.745163
0.650824     0.759229
0.634469     0.772948
0.617825     0.786315
0.6009     0.799324
0.583701     0.811969
0.566236     0.824244
0.548512     0.836143
0.530539     0.847661
0.512324     0.858792
0.493876     0.869533
0.475202     0.879877
0.456312     0.88982
0.437214     0.899358
0.417917     0.908485
0.398429     0.917199
0.37876     0.925495
0.358918     0.933369
0.338913     0.940818
0.318753     0.947838
0.298448     0.954426
0.278007     0.960579
0.257439     0.966295
0.236754     0.97157
0.215961     0.976402
0.19507     0.98079
0.17409     0.98473
0.15303     0.988222
0.131901     0.991263
0.110711     0.993853
0.0894712     0.99599
0.0681905     0.997673
0.0468788     0.998901
0.0255456     0.999674
0.00420088     0.999991
-0.0171458     0.999853
-0.0384846     0.999259
-0.059806     0.99821
-0.0811     0.996706
-0.102357     0.994748
-0.123568     0.992336
-0.144722     0.989473
-0.16581     0.986158
-0.186823     0.982394
-0.20775     0.978182
-0.228583     0.973525
-0.249312     0.968424
-0.269927     0.962881
-0.290419     0.9569
-0.310778     0.950483
-0.330997     0.943632
-0.351064     0.936352
-0.370971     0.928645
-0.390709     0.920515
-0.41027     0.911965
-0.429643     0.902999
-0.44882     0.893623
-0.467793     0.883838
-0.486553     0.873652
-0.505091     0.863067
-0.523399     0.852088
-0.541468     0.840722
-0.559291     0.828972
-0.576858     0.816845
-0.594163     0.804345
-0.611197     0.791479
-0.627953     0.778252
-0.644422     0.76467
-0.660598     0.75074
-0.676473     0.736468
-0.692039     0.721861
-0.70729     0.706924
-0.722219     0.691665
-0.736819     0.676091
-0.751083     0.660209
-0.765004     0.644026
-0.778577     0.62755
-0.791795     0.610787
-0.804653     0.593747
-0.817143     0.576435
-0.829262     0.558861
-0.841002     0.541033
-0.852359     0.522957
-0.863328     0.504644
-0.873904     0.4861
-0.884081     0.467335
-0.893855     0.448357
-0.903222     0.429175
-0.912177     0.409797
-0.920717     0.390233
-0.928837     0.37049
-0.936534     0.350579
-0.943804     0.330508
-0.950644     0.310286
-0.95705     0.289923
-0.963021     0.269428
-0.968553     0.24881
-0.973643     0.228079
-0.97829     0.207244
-0.982491     0.186314
-0.986244     0.165299
-0.989548     0.144209
-0.992401     0.123054
-0.994801     0.101842
-0.996748     0.080584
-0.998241     0.0592892
-0.99928     0.0379673
-0.999862     0.0166282
-0.999989     -0.00471855
-0.999661     -0.0260631
-0.998877     -0.0473958
-0.997637     -0.0687069
-0.995944     -0.0899867
-0.993796     -0.111226
-0.991195     -0.132414
-0.988143     -0.153541
-0.98464     -0.174599
-0.980689     -0.195577
-0.976291     -0.216467
-0.971447     -0.237257
-0.966162     -0.257939
-0.960436     -0.278504
-0.954272     -0.298942
-0.947673     -0.319244
-0.940643     -0.3394
-0.933184     -0.359401
-0.925299     -0.379239
-0.916993     -0.398904
-0.908269     -0.418387
-0.899132     -0.43768
-0.889584     -0.456773
-0.879631     -0.475658
-0.869277     -0.494326
-0.858527     -0.512769
-0.847386     -0.530978
-0.835859     -0.548945
-0.823951     -0.566662
-0.811667     -0.584121
-0.799014     -0.601314
-0.785996     -0.618232
-0.77262     -0.634869
-0.758892     -0.651217
-0.744819     -0.667268
-0.730406     -0.683014
-0.71566     -0.69845
-0.700587     -0.713567
-0.685196     -0.728359
-0.669493     -0.742819
-0.653484     -0.756941
-0.637177     -0.770718
-0.620581     -0.784143
-0.603701     -0.797211
-0.586546     -0.809916
-0.569124     -0.822252
-0.551443     -0.834213
-0.53351     -0.845794
-0.515334     -0.85699
-0.496924     -0.867795
-0.478287     -0.878204
-0.459431     -0.888214
-0.440367     -0.897818
-0.421102     -0.907014
-0.401645     -0.915796
-0.382005     -0.924161
-0.362191     -0.932104
-0.342212     -0.939623
-0.322077     -0.946714
-0.301795     -0.953373
-0.281376     -0.959598
-0.260828     -0.965386
-0.240162     -0.970733
-0.219386     -0.975639
-0.19851     -0.980099
-0.177543     -0.984113
-0.156496     -0.987679
-0.135378     -0.990794
-0.114197     -0.993458
-0.0929652     -0.99567
-0.0716905     -0.997427
-0.0503832     -0.99873
-0.0290529     -0.999578
-0.00770941     -0.999971
0.0136376     -0.999907
0.0349784     -0.999388
0.0563033     -0.998414
0.0776025     -0.996985
0.0988664     -0.995101
0.120085     -0.992764
0.141249     -0.989974
0.162349     -0.986734
0.183375     -0.983043
0.204317     -0.978905
0.225166     -0.974321
0.245912     -0.969292
0.266547     -0.963822
0.28706     -0.957913
0.307442     -0.951567
0.327684     -0.944788
0.347776     -0.937578
0.367711     -0.92994
0.387477     -0.921879
0.407067     -0.913398
0.426472     -0.904501
0.445682     -0.895191
0.464689     -0.885474
0.483485     -0.875353
0.50206     -0.864833
0.520406     -0.853919
0.538515     -0.842616
0.556379     -0.830929
0.573989     -0.818863
0.591337     -0.806424
0.608417     -0.793618
0.625218     -0.78045
0.641735     -0.766926
0.65796     -0.753053
0.673885     -0.738837
0.689502     -0.724284
0.704806     -0.709401
0.719788     -0.694194
0.734442     -0.678672
0.748761     -0.66284
0.76274     -0.646706
0.77637     -0.630277
0.789647     -0.613561
0.802564     -0.596565
0.815116     -0.579298
0.827296     -0.561767
0.839099     -0.543979
0.850519     -0.525944
0.861552     -0.507669
0.872193     -0.489163
0.882435     -0.470434
0.892276     -0.45149
0.90171     -0.432341
0.910734     -0.412994
0.919342     -0.39346
0.927531     -0.373746
0.935298     -0.353862
0.942638     -0.333816
0.949549     -0.313619
0.956027     -0.293278
0.96207     -0.272804
0.967674     -0.252206
0.972837     -0.231493
0.977556     -0.210674
0.981831     -0.189759
0.985658     -0.168758
0.989035     -0.147679
0.991962     -0.126534
0.994437     -0.105331
0.996459     -0.0840796
0.998027     -0.0627901
0.99914     -0.041472
0.999797     -0.0201351
0.999999     0.00121112
