#x-values along the horizontal axis, and timesteps along the vertical axis
                0                0                0                0                0                0                0                0                0                0                1
                0                0                0                0                0                0                0                0                0                0                1
                0    7.0831688e-06    2.6561883e-05    9.9164363e-05    0.00037009557     0.0013812179     0.0051547761      0.019237886       0.07179677       0.26794919                1
                0    4.3549361e-05    0.00014914377    0.00049990194     0.0016521353      0.005368448      0.017059221      0.052558883       0.15470054       0.42264973                1
                0    0.00014927132    0.00047266873     0.0014431161     0.0042999917       0.01245258      0.034773433       0.09252271       0.23019964       0.51887478                1
                0    0.00037710222     0.0011155907     0.0031399231     0.0085578694      0.022491571      0.056503256       0.13397459       0.29434967        0.5830248                1
                0    0.00078424567     0.0021867168     0.0057314403      0.014459198      0.034989613      0.080516113       0.17406833       0.34780802       0.62846441                1
                0     0.0014232719     0.0037687781      0.009278407      0.021881969      0.049331073        0.1054631       0.21148909       0.39235662       0.66232136                1
                0     0.0023352946      0.005910811      0.013770393      0.030613948      0.064921461       0.13040975       0.24579133        0.4297774       0.68860503                1
                0     0.0035462618     0.0086278927      0.019143687      0.040406069      0.081252692       0.15476178       0.27697493       0.46155527       0.70969133                1
                0     0.0050661604      0.011905578      0.025300365      0.051008509      0.097921533       0.17817224       0.30524386       0.48885335         0.727059                1
                0     0.0068903656       0.01570655       0.03212468      0.062191438       0.11462405       0.20046171       0.33087833       0.51256387       0.74167047                1
                0     0.0090022469      0.019977695      0.039495431      0.073754671       0.13114038       0.22155873       0.35417112       0.53336909       0.75417751                1
                0       0.01137627      0.024656518      0.047294414      0.085530274       0.14731734       0.24145833        0.3753985       0.55179345       0.76503712                1
                0      0.013981058      0.029676426      0.055411611      0.097381189        0.1630526       0.26019452       0.39480884       0.56824381       0.77457951                1
                0      0.016782092       0.03497073      0.063747974       0.10919795       0.17828143       0.27782259       0.41261988       0.58303927       0.78304957                1
                0      0.019743909      0.040475475       0.07221653        0.1208947       0.19296637       0.29440793       0.42902016       0.59643293       0.79063302                1
                0      0.022831759      0.046131278      0.080742405       0.13240528       0.20708932       0.31001925       0.44417184       0.60862779       0.79747346                1
                0      0.026012774      0.051884383      0.089262203       0.14367962       0.22064571        0.3247246       0.45821417       0.61978839       0.80368383                1
                0      0.029256714      0.057687131      0.097723045       0.15468064       0.23364028       0.33858904        0.4712667       0.63004944       0.80935427                1
                0      0.032536387      0.063498024       0.10608145       0.16538167       0.24608395       0.35167359        0.4834323       0.63952222       0.81455769                1
